X,Y,Z
0,0,0
0,0,0
0,0,0
0,0,0
0,0,0
0,0,0
0,0,0
0,0,0
0,0,0
0,0,0
0,0,0
0,0,0
0,0,0
0,0,0
0,0,0
0,0,0
0,0,0
0,0,0
0,0,0
0,0,0
0,0,0
0,0,0
0,0,0
0,0,0
0,0,0
0,0,0
0,0,0
0,0,0
0,0,0
0,0,0
0,0,0
0,0,0
0,0,0
0,0,0
0,0,0
0,0,0
0,0,0
0,0,0
0,0,0
0,0,0
0,0,0
0,0,0
0,0,0
0,0,0
0,0,0
0,0,0
0,0,0
0,0,0
0,0,0
0,0,0
0,0,0
0,0,0
0,0,0
0,0,0
0,0,0
0,0,0
0,0,0
0,0,0
0,0,0
0,0,0
0,0,0
0,0,0
0,0,0
0,0,0
0,0,0
0,0,0
0,0,0
0,0,0
0,0,0
0,0,0
0,0,0
0,0,0
0,0,0
0,0,0
0,0,0
0,0,0
0,0,0
0,0,0
0,0,0
0,0,0
0,0,0
0,0,0
0,0,0
0,0,0
0,0,0
0,0,0
0,0,0
0,0,0
0,0,0
0,0,0
0,0,0
0,0,0
0,0,0
0,0,0
0,0,0
0,0,0
0,0,0
0,0,0
0,0,0
0,0,0
0,0,0
0,0,0
0,0,0
0,0,0
0,0,0
0,0,0
0,0,0
0,0,0
0,0,0
0,0,0
0,0,0
0,0,0
0,0,0
0,0,0
0,0,0
0,0,0
0,0,0
0,0,0
0,0,0
0,0,0
0,0,0
0,0,0
0,0,0
0,0,0
0,0,0
0,0,0
0,0,0
0,0,0
0,0,0
0,0,0
0,0,0
0,0,0
0,0,0
0,0,0
0,0,0
0,0,0
0,0,0
0,0,0
0,0,0
0,0,0
0,0,0
0,0,0
0,0,0
0,0,0
0,0,0
0,0,0
0,0,0
0,0,0
0,0,0
0,0,0
0,0,0
0,0,0
0,0,0
0,0,0
0,0,0
0,0,0
0,0,0
0,0,0
0,0,0
0,0,0
0,0,0
0,0,0
0,0,0
0,0,0
0,0,0
0,0,0
0,0,0
0,0,0
0,0,0
0,0,0
0,0,0
0,0,0
0,0,0
0,0,0
0,0,0
0,0,0
0,0,0
0,0,0
0,0,0
0,0,0
0,0,0
0,0,0
0,0,0
0,0,0
0,0,0
0,0,0
0,0,0
0,0,0
0,0,0
0,0,0
0,0,0
0,0,0
0,0,0
0,0,0
0,0,0
0,0,0
0,0,0
0,0,0
0,0,0
0,0,0
0,0,0
0,0,0
0,0,0
0,0,0
0,0,0
0,0,0
0,0,0
0,0,0
0,0,0
0,0,0
0,0,0
0,0,0
0,0,0
0,0,0
0,0,0
0,0,0
0,0,0
0,0,0
0,0,0
0,0,0
0,0,0
0,0,0
0,0,0
0,0,0
0,0,0
0,0,0
0,0,0
0,0,0
0,0,0
0,0,0
0,0,0
0,0,0
0,0,0
0,0,0
0,0,0
0,0,0
0,0,0
0,0,0
0,0,0
0,0,0
0,0,0
0,0,0
0,0,0
0,0,0
0,0,0
0,0,0
0,0,0
0,0,0
0,0,0
0,0,0
0,0,0
0,0,0
0,0,0
0,0,0
0,0,0
0,0,0
0,0,0
0,0,0
0,0,0
0,0,0
0,0,0
0,0,0
0,0,0
0,0,0
0,0,0
0,0,0
0,0,0
0,0,0
0,0,0
0,0,0
0,0,0
0,0,0
0,0,0
0,0,0
0,0,0
0,0,0
0,0,0
0,0,0
0,0,0
0,0,0
0,0,0
0,0,0
0,0,0
0,0,0
0,0,0
0,0,0
0,0,0
0,0,0
0,0,0
0,0,0
0,0,0
0,0,0
0,0,0
0,0,0
0,0,0
0,0,0
0,0,0
0,0,0
0,0,0
0,0,0
0,0,0
0,0,0
0,0,0
0,0,0
0,0,0
0,0,0
-0.03,0,9.53
-0.69,0.47,9.04
0.13,-0.2,9.39
0.22,-0.15,9.27
0.08,-0.06,9.44
0.12,-0.12,9.41
0.15,-0.12,9.38
0.1,-0.07,9.41
0.15,-0.13,9.32
0.1,-0.09,9.39
0.13,-0.12,9.41
0.14,-0.12,9.38
0.11,-0.08,9.4
0.15,-0.12,9.38
0.11,-0.09,9.41
0.13,-0.11,9.38
0.12,-0.1,9.39
0.11,-0.09,9.42
0.14,-0.11,9.42
0.12,-0.11,9.42
0.12,-0.1,9.44
0.14,-0.1,9.43
0.12,-0.1,9.38
0.13,-0.1,9.4
0.13,-0.1,9.4
0.12,-0.09,9.42
0.12,-0.1,9.39
0.15,-0.1,9.38
0.13,-0.09,9.4
0.12,-0.11,9.4
0.14,-0.11,9.38
0.12,-0.1,9.38
0.12,-0.11,9.38
0.14,-0.1,9.42
0.12,-0.11,9.42
0.12,-0.1,9.41
0.11,-0.11,9.43
0.14,-0.11,9.39
0.13,-0.1,9.39
0.14,-0.11,9.39
0.12,-0.1,9.37
0.12,-0.1,9.42
0.13,-0.1,9.4
0.13,-0.08,9.4
0.15,-0.12,9.39
0.13,-0.1,9.39
0.12,-0.11,9.41
0.13,-0.11,9.4
0.12,-0.09,9.38
0.12,-0.12,9.4
0.14,-0.09,9.42
0.14,-0.1,9.39
0.14,-0.09,9.38
0.11,-0.09,9.4
0.13,-0.08,9.41
0.15,-0.11,9.41
0.11,-0.09,9.4
0.14,-0.11,9.43
0.11,-0.11,9.41
0.14,-0.12,9.38
0.13,-0.11,9.4
0.13,-0.11,9.38
0.15,-0.1,9.41
0.13,-0.1,9.4
0.14,-0.11,9.41
0.11,-0.1,9.39
0.13,-0.11,9.38
0.13,-0.1,9.38
0.15,-0.11,9.39
0.11,-0.11,9.41
0.14,-0.11,9.41
0.12,-0.1,9.43
0.13,-0.1,9.4
0.13,-0.12,9.39
0.14,-0.1,9.38
0.15,-0.11,9.37
0.14,-0.11,9.39
0.13,-0.1,9.45
0.14,-0.11,9.39
0.13,-0.09,9.39
0.12,-0.11,9.42
0.13,-0.12,9.37
0.14,-0.1,9.38
0.14,-0.11,9.39
0.13,-0.1,9.41
0.13,-0.11,9.4
0.14,-0.1,9.39
0.12,-0.09,9.4
0.14,-0.11,9.39
0.12,-0.09,9.38
0.11,-0.1,9.35
0.14,-0.09,9.39
0.12,-0.1,9.42
0.14,-0.12,9.39
0.13,-0.12,9.39
0.14,-0.1,9.39
0.14,-0.08,9.39
0.14,-0.09,9.38
0.13,-0.09,9.39
0.13,-0.1,9.39
0.13,-0.11,9.39
0.13,-0.11,9.41
0.11,-0.11,9.45
0.14,-0.09,9.39
0.09,-0.11,9.32
0.1,-0.1,9.45
0.14,-0.12,9.29
0.06,-0.09,9.39
0.13,-0.13,9.35
0.16,-0.18,9.39
0.11,-0.11,9.41
0.18,-0.19,9.4
0.12,-0.11,9.41
0.07,-0.06,9.33
0.09,-0.04,9.32
0.05,-0.14,9.45
0.04,-0.17,9.43
0.05,-0.21,9.37
0.04,-0.19,9.39
0,-0.15,9.39
0.01,-0.15,9.4
0.02,-0.21,9.39
0.01,-0.18,9.38
0,-0.18,9.38
0.02,-0.2,9.4
0.02,-0.2,9.4
0.02,-0.16,9.4
0.04,-0.18,9.38
0.01,-0.17,9.39
0.01,-0.17,9.38
0.01,-0.17,9.41
0.04,-0.19,9.4
0.06,-0.26,9.38
0.06,-0.25,9.43
0,-0.15,9.74
0.09,-1.14,9.27
0.11,-1.31,9.51
0.1,-1.69,9.35
0.11,-2.18,9.17
0.11,-2.52,9.01
0.1,-2.52,9.13
0.05,-2.42,9.24
0.07,-2.29,9.16
0.08,-2.2,9.11
0.1,-1.95,9.13
0.15,-1.71,9.12
0.02,-0.86,9.47
0.06,-0.33,9.67
0.11,-0.39,9.39
0.06,-0.26,9.41
0.04,-0.18,9.4
0.06,-0.15,9.5
0.02,0.04,9.46
0,0.09,9.84
0.08,0.86,9.2
0.06,1,9.28
0.05,1.36,9.23
0.05,1.41,9.39
0.02,1.76,9.27
0.01,2.37,8.77
-0.02,2.34,9.04
0.01,2.1,9.25
0.07,1.67,9.39
0.05,1.04,9.39
0,0.74,9.28
0.11,0.44,9.33
0.11,0.19,9.38
0.09,-0.05,9.42
0.07,-0.45,10.16
0.06,0.79,9.33
0.04,1.36,9.34
0,1.88,9.17
0,2.13,9.21
0.01,2.13,9.18
-0.02,1.82,9.05
0.11,0.96,9.55
0.05,0.36,9.49
0.04,-0.02,9.43
0.13,0.05,9.42
0,-0.19,9.38
0.12,0.02,9.82
0.11,1.13,9.17
0.01,1.47,9.29
-0.04,1.82,9.32
-0.01,2.47,9.11
-0.03,2.73,8.96
0.01,2.83,8.86
0,2.74,9.02
-0.02,2.72,9.01
-0.04,2.71,9.04
-0.05,2.74,9.06
-0.01,2.72,9.05
-0.01,2.72,9.03
-0.03,2.72,9.02
-0.02,2.93,8.88
-0.07,3.05,8.82
-0.04,3.01,8.95
-0.03,3.05,8.89
-0.03,3.16,8.82
-0.04,3.29,9.24
-0.05,3.31,9.24
-0.04,3.44,9.07
-0.03,3.39,9.15
-0.07,3.38,9.12
-0.04,3.54,9.07
-0.06,3.58,9.07
-0.04,3.6,9.06
-0.04,3.55,9.15
-0.05,3.6,9.05
-0.05,3.63,9.07
-0.06,3.6,9.06
-0.05,3.63,9.08
-0.03,3.66,9.05
-0.04,3.68,9.03
-0.04,3.7,9.04
-0.05,3.65,9.09
-0.03,3.69,9.07
-0.05,3.75,8.99
-0.08,3.78,8.92
-0.09,3.73,9.03
-0.06,3.78,9.01
-0.06,3.8,8.93
-0.07,3.78,9.03
-0.07,3.77,9.04
-0.05,3.79,9
-0.06,3.79,9
-0.04,3.8,8.96
-0.06,3.8,8.95
-0.05,3.78,9.02
-0.05,3.78,9.03
-0.07,3.79,9.02
-0.07,3.76,9.01
-0.06,3.68,9.03
-0.08,3.67,9.03
-0.02,3.66,9.08
-0.07,3.66,9.04
-0.04,3.49,9.21
0,3.23,9.4
-0.05,3.24,9.17
-0.06,3.23,9.25
-0.12,3.31,8.66
0,2.29,9.68
-0.07,1.84,9.52
0.16,2.19,8.58
-0.02,0.12,9.96
0.1,0.17,9.84
0,-0.02,9.77
0.04,0.03,9.73
0.03,-0.06,9.77
0.01,-0.06,9.73
0.1,-0.17,10.02
0.1,-1.39,9.55
0.1,-2.28,9.36
0.32,-2.75,9.3
-0.17,-2.74,9.3
-0.39,-1.38,11.33
0.23,-2.6,9.12
0.22,-2.51,9.19
0.07,-2.31,9.47
0.09,-2.44,9.54
0.02,-2.89,9.09
0.06,-2.98,9.26
0.04,-3.43,8.96
0.06,-3.36,9.07
0.05,-3.44,9.06
0.04,-3.55,9.05
0.02,-3.67,9
0.03,-3.78,8.94
0.01,-3.86,8.9
0.05,-3.99,8.84
0,-4.01,8.86
0.03,-4,8.83
0,-3.85,8.95
0.01,-3.94,8.84
-0.01,-3.84,8.91
0.03,-3.82,8.95
0,-3.84,8.9
0,-3.87,8.88
0,-3.83,8.92
0,-3.85,8.89
0,-3.87,8.88
0,-3.91,8.82
0.01,-3.86,8.88
0,-3.82,8.94
0,-3.72,9.02
0,-3.72,8.97
0,-3.7,9.02
0.03,-3.77,9
0,-3.89,8.94
0.02,-3.89,8.92
0.01,-3.87,8.86
0.01,-3.84,8.88
0,-3.76,8.9
0.06,-3.73,8.91
0.01,-3.46,9.11
0.04,-3.44,9.07
0.01,-3.35,9.11
0.01,-3.2,9.22
0.04,-3.01,9.13
-0.04,-2.37,9.44
0.03,-2.12,9.44
0.04,-1.42,9.57
0.08,-0.35,9.85
0.03,-0.12,9.8
0.02,-0.05,9.76
-0.06,-0.87,9.85
0.08,0.15,9.81
0.01,-0.03,9.98
0.1,0.03,9.86
0.1,0.06,9.8
0.11,0.02,9.78
0.16,0,9.74
0.11,0.04,9.75
0.14,-0.01,9.77
0.13,-0.01,9.73
0.01,-0.11,9.77
1.24,-0.39,10.4
0.13,-0.3,9.72
0.12,-0.22,9.73
0.08,-0.3,9.75
0.21,-0.04,9.73
0.18,-0.04,9.69
0.17,-0.02,9.69
0.14,0.01,9.74
0.1,0,9.74
0.13,0,9.77
0.18,-0.03,9.67
0.04,-0.09,9.72
0.06,0.01,9.76
0.96,-0.21,9.47
1.3,-0.04,9.3
1.56,0.05,9.53
2.08,0.04,9.3
2.44,-0.01,9.27
2.53,-0.08,9.51
2.89,0.07,9.38
3.18,-0.08,9.03
3.29,-0.05,9.09
3.28,-0.01,9.13
3.34,-0.05,8.98
3.31,-0.01,9.1
3.33,-0.01,9.07
3.24,-0.03,9.2
3.22,0.02,9.34
3.27,-0.06,9.23
3.28,0,9.17
3.29,-0.03,9.12
3.33,-0.05,9.15
3.31,-0.04,9.15
3.17,-0.04,9.26
3.17,-0.01,9.26
3.2,-0.04,9.12
3.2,-0.12,9.14
2.8,-0.07,9.43
2.59,-0.05,9.26
2.38,-0.2,9.33
1.76,-0.15,9.61
1.48,-0.16,9.61
1.08,-0.08,9.74
0.58,-0.12,9.79
0.37,-0.19,9.72
0.2,-0.03,9.78
0.15,-0.07,9.81
0.12,-0.12,9.75
0.39,-0.61,9.83
0.12,-1.02,9.9
0.26,-2.21,9.49
0.22,-2.76,9.26
0.18,-3.04,9.15
0.12,-3.19,9.05
0.16,-3.05,9.21
0.2,-3.08,9.24
0.14,-3.23,9.27
0.14,-3.47,9.04
0.16,-3.44,9.12
0.17,-3.33,9.25
0.16,-3.42,9.1
0.15,-3.37,9.21
0.17,-3.35,9.13
0.16,-3.19,9.24
0.14,-3.1,9.18
0.13,-2.71,9.44
0.13,-2.53,9.43
0.11,-1.89,9.72
0.13,-1.37,9.75
0.2,-1.08,9.62
0.05,-0.27,9.87
0.04,-0.23,9.8
0.09,-0.19,9.87
0.04,-0.25,9.89
-1.63,-1.07,11.22
0.24,-0.19,9.81
0.22,-0.17,9.83
0.24,-0.2,9.8
0.2,-0.2,9.84
0.22,-0.19,9.81
0.21,-0.22,9.81
0.22,-0.17,9.87
0.21,-0.19,9.87
0.21,-0.21,9.71
0.2,-0.22,9.85
1,0.06,9.87
0.29,-0.15,9.85
0.52,-0.2,9.79
0.33,0,10.04
0.13,-0.4,10.41
0.13,-1.42,10.12
-0.21,-0.89,11.01
-0.13,-1.31,10.24
-1.03,-1.17,10.36
-0.56,-0.58,10.03
-0.59,-0.5,9.64
-1.35,-0.44,10.03
-1.4,-0.42,9.71
-1.65,0.83,10.45
-1.52,0.37,9.77
-1.01,0.95,8.56
-1.65,0.77,7.29
-1.66,1.16,7.77
-1.4,1.8,9.08
-2.43,0.22,8.7
-0.83,0.68,8.86
-1.35,0.74,9.47
-1.02,0.99,9.74
-0.75,0.71,9.5
-0.91,0.95,9.81
-0.65,0.68,10.18
-0.83,0.05,10.57
-0.41,-0.16,11.32
-0.98,0.08,13.14
-1.58,-0.35,12.96
0.32,0.38,11.94
0.05,-0.08,9.46
-1.06,-0.32,8.72
-1.71,0.28,9.91
-1.41,0.58,8.77
-2.33,0.47,8.11
-2.46,0.81,7.29
-2.44,0.96,6.24
-2.5,1.38,6.77
-3.14,1.56,8.65
-2.37,1.41,8.52
-4.83,-0.48,10.3
-2.31,0.18,9.34
-3.24,-2.16,8.97
-1.64,-2.03,8.38
-1.31,-1.07,10.5
-0.18,-2,10.08
2.93,-1.48,9.71
-0.1,-3.27,12.68
1.94,-1.69,12.43
2.22,-0.51,13
0.62,-2.34,12.49
1.26,-1.3,10.74
1.5,-0.69,7.44
-2.2,-0.43,8.22
-2.49,-0.61,7.47
-2.16,-0.62,5.75
-2.65,-0.38,4.72
-3.55,-0.36,8.11
-4,-1.03,8.67
-1,0.23,8.18
-1.53,-0.82,9.66
-1.49,1.13,10.86
-3.44,0,14.16
-2.69,-2.33,11.49
-1.86,-3.21,9.79
0.37,-1.68,9.57
0.22,-0.79,9.4
0.23,2.03,8.67
-1.17,1.82,9.69
-0.79,1.94,11.12
0.45,1.47,9.75
0.14,-0.19,10.18
-0.55,-1.95,9.21
-2.22,-3.05,9.93
-2.94,-3.69,9.81
-2.67,-3.31,9.64
-1.16,-1.56,10.19
-0.16,1,10.08
0.56,4.02,12.48
-1.82,0.47,15.57
0.23,-1.58,10.33
0.31,0.45,2.18
0.88,0.35,0.24
-1.43,-1.16,6.1
-1.02,0.4,10.13
0.72,0.19,14.11
-2,-0.99,18.63
0.17,-0.35,15.65
1.12,-0.12,11.35
-0.05,0.72,7.17
-0.72,1.67,4.46
-0.09,1.44,3.86
-0.23,0.69,7.14
-0.62,0.9,10.98
-1.06,0.41,15.85
0.81,0.26,15.81
2.36,-1.79,10.68
4.18,-1.13,7.96
1.22,-0.31,8.36
-3.03,0.84,9.78
-4.85,0.68,11.43
-2.17,0.96,8.5
-2.77,-0.74,10.75
0.07,-0.23,9.54
3.38,-0.79,9.37
4,-0.19,11.77
0.51,0.34,9.86
0.33,0.75,11.2
-5.84,0,9.74
-5.89,-0.24,9.69
-0.99,-0.19,9.17
-0.28,-2.11,8.68
3.17,-1.43,9.02
0.56,-2.96,11.01
-0.41,-3.7,9.62
1.27,0.04,9.07
-0.26,4.84,9.58
-0.68,3.43,9.43
1.35,1.29,10.21
1.23,-1.78,9.9
-2,-5.34,9.57
-2.08,-5.54,8.79
-0.22,-1.32,9.58
0.73,0.99,8.91
0.45,4.36,10.16
1.32,3.37,10.33
0.47,-0.02,10.07
-0.69,-2.09,9.29
-1.47,-4.06,7.68
-1.39,-2.47,10.57
0.09,-0.04,16.27
0.78,0.65,12.31
0.99,0.57,8.77
-1.46,0.64,3.2
-3.66,-0.92,-0.17
-0.77,0.32,9.47
0.11,1.16,10.1
0.21,2.17,14.95
0.62,2.11,16.2
0.84,0.19,11.36
0.14,0.19,7.49
-1.1,1.43,4.36
-1.48,0.58,3.22
-1.73,1.24,8.27
-1.13,0.98,9.18
-0.35,-0.49,11.49
-0.11,0.05,10.93
0.62,-1.2,8.85
0.41,0,10.7
1.04,-0.55,11.17
0.92,-1.45,10.68
0.67,-2.33,9.93
-0.41,-1.5,11.59
0.57,-0.8,9.35
0.09,-0.13,9.85
0.16,-0.06,9.85
0.17,-0.15,9.76
0.14,-0.08,9.86
0.09,-0.4,7.69
0,-0.14,9.84
0.17,-0.09,9.8
0.17,-0.08,9.81
0.19,-0.08,9.82
-0.06,-0.2,9.87
0.17,0.25,9.72
0.02,0.42,9.76
0.13,1.05,9.72
-0.08,1.36,10.3
0.13,2.71,9.53
0.12,3.41,9.09
0.06,3.49,9.04
0.12,3.51,9.05
0.11,3.41,9.02
0.15,3.03,9.01
-0.42,2.71,9.61
0.36,0.93,9.95
-0.29,0.57,9.62
-0.4,-0.27,9.2
-0.34,-1.11,9.43
0.16,-0.24,9.92
0.02,-0.18,9.6
0.14,-0.11,9.86
-0.27,-0.85,9.62
0.19,0.66,9.77
0.02,-0.61,10.19
-1.3,-0.45,9.27
-2.89,-0.32,8.58
-3.64,-0.08,9.46
-4.11,-0.15,8.67
-3.78,-0.07,9.29
-3.38,-0.24,9.07
-2.56,-0.13,9.61
-1.93,-0.24,9.38
-1.09,-0.18,9.98
-0.51,-0.38,9.83
0.07,-0.11,9.84
0.29,0.19,10
0.03,0.6,9.95
0.15,1.9,9.57
-0.02,2.39,9.38
0.1,3.08,9.12
0.09,2.39,9.08
-0.01,1,9.91
-0.46,1.16,9.13
0.09,-0.16,10.46
0.22,-0.38,10.08
-0.1,0.02,9.87
0.12,-0.22,9.89
0.18,0.43,9.86
0.19,-0.12,11.11
-0.2,-0.8,9.64
-0.1,-0.46,9.54
0.09,-0.28,9.89
0.07,0,9.96
0.1,-0.11,9.88
-0.01,-0.03,9.76
-0.09,-1.55,9.98
0.29,-0.57,9.96
0.21,-0.85,9.77
0.44,-0.43,9.62
0.46,0.12,9.75
0.23,-0.19,9.83
0.47,-0.28,9.71
0.01,-0.36,9.85
0,-1.03,9.59
-0.19,-0.75,9.64
0.38,-0.28,9.76
0.21,0.33,9.86
0.14,0.2,9.99
-0.05,0.61,9.95
-0.05,-0.33,9.53
0.52,0.92,10
-0.05,0.33,10.04
0.03,0.69,10.15
0.38,1.17,9.94
0.2,0.73,10
0.27,1.34,9.68
0.36,1.04,10.01
0.76,1.19,9.45
0.38,0.81,9.69
0.69,1.19,10.34
0.24,0.42,9.77
0.19,0.8,9.97
0.4,0.77,9.93
0.18,1.1,9.63
0.08,0.91,9.75
0.17,0.62,9.62
0.3,0.65,9.86
0.14,0.21,9.69
0.14,0.77,9.78
0.17,0.47,9.73
0.09,0.15,10.05
0.07,0.16,10.04
0,0.44,9.88
0.2,0.44,9.87
0.38,0.71,9.78
0.38,0.59,9.93
0.33,0.72,9.73
0.29,0.4,9.82
0.04,0.77,9.65
2.15,-0.79,9.96
0,-0.09,9.71
0.16,-0.11,9.76
0.16,-0.12,9.81
0.16,-0.13,9.79
0.17,-0.13,9.81
0.17,-0.16,9.82
0.15,-0.14,9.84
0.17,-0.17,9.78
0.18,-0.14,9.81
0.19,-0.15,9.82
0.15,-0.14,9.83
0.18,-0.18,9.83
0.16,-0.14,9.83
0.15,-0.14,9.79
0.16,-0.14,9.79
0.15,-0.16,9.82
0.17,-0.15,9.82
0.16,-0.12,9.82
0.16,-0.15,9.83
0.15,-0.15,9.83
0.15,-0.15,9.82
0.16,-0.16,9.83
0.17,-0.14,9.79
0.16,-0.14,9.8
0.16,-0.15,9.81
0.16,-0.14,9.8
0.17,-0.14,9.81
0.16,-0.14,9.82
0.17,-0.12,9.83
0.17,-0.15,9.82
0.15,-0.14,9.79
