X,Y,Z
0,0,0
0,0,0
0,0,0
0,0,0
0,0,0
0,0,0
0,0,0
0,0,0
0,0,0
0,0,0
0,0,0
0,0,0
0,0,0
0,0,0
0,0,0
0,0,0
0,0,0
0,0,0
0,0,0
0,0,0
0,0,0
0,0,0
0,0,0
0,0,0
0,0,0
0,0,0
0,0,0
0,0,0
0,0,0
0,0,0
0,0,0
0,0,0
0,0,0
0,0,0
0,0,0
0,0,0
0,0,0
0,0,0
0,0,0
0,0,0
0,0,0
0,0,0
0,0,0
0,0,0
0,0,0
0,0,0
0,0,0
0,0,0
0,0,0
0,0,0
0,0,0
0,0,0
0,0,0
0,0,0
0,0,0
0,0,0
0,0,0
0,0,0
0,0,0
0,0,0
0,0,0
0,0,0
0,0,0
0,0,0
0,0,0
0,0,0
0,0,0
0,0,0
0,0,0
0,0,0
0,0,0
0,0,0
0,0,0
0,0,0
0,0,0
0,0,0
0,0,0
0,0,0
0,0,0
0,0,0
0,0,0
0,0,0
0,0,0
0,0,0
0,0,0
0,0,0
0,0,0
0,0,0
0,0,0
0,0,0
0,0,0
0,0,0
0,0,0
0,0,0
0,0,0
0,0,0
0,0,0
0,0,0
0,0,0
0,0,0
0,0,0
0,0,0
0,0,0
0,0,0
0,0,0
0,0,0
0,0,0
0,0,0
0,0,0
0,0,0
0,0,0
0,0,0
0,0,0
0,0,0
0,0,0
0,0,0
0,0,0
0,0,0
0,0,0
0,0,0
0,0,0
0,0,0
0,0,0
0,0,0
0,0,0
0,0,0
0,0,0
0,0,0
0,0,0
0,0,0
0,0,0
0,0,0
0,0,0
0,0,0
0,0,0
0,0,0
0,0,0
0,0,0
0,0,0
0,0,0
0,0,0
0,0,0
0,0,0
0,0,0
0,0,0
0,0,0
0,0,0
0,0,0
0,0,0
0,0,0
0,0,0
0,0,0
0,0,0
0,0,0
0,0,0
0,0,0
0,0,0
0,0,0
0,0,0
0,0,0
0,0,0
0,0,0
0,0,0
0,0,0
0,0,0
0,0,0
0,0,0
0,0,0
0,0,0
0,0,0
0,0,0
0,0,0
0,0,0
0,0,0
0,0,0
0,0,0
0,0,0
0,0,0
0,0,0
0,0,0
0,0,0
0,0,0
0,0,0
0,0,0
0,0,0
0,0,0
0,0,0
0,0,0
0,0,0
0,0,0
0,0,0
0,0,0
0,0,0
0,0,0
0,0,0
0,0,0
0,0,0
0,0,0
0,0,0
0,0,0
0,0,0
0,0,0
0,0,0
0,0,0
0,0,0
0,0,0
0,0,0
0,0,0
0,0,0
0,0,0
0,0,0
0,0,0
0,0,0
0,0,0
0,0,0
0,0,0
0,0,0
0,0,0
0,0,0
0,0,0
0,0,0
0,0,0
0,0,0
0,0,0
0,0,0
0,0,0
0,0,0
0,0,0
0,0,0
0,0,0
0,0,0
0,0,0
0,0,0
0,0,0
0,0,0
0,0,0
0,0,0
0,0,0
0,0,0
0,0,0
0,0,0
0,0,0
0,0,0
0,0,0
0,0,0
0,0,0
0,0,0
0,0,0
0,0,0
0,0,0
0,0,0
0,0,0
0,0,0
0,0,0
0,0,0
0,0,0
0,0,0
0,0,0
0,0,0
0,0,0
0,0,0
0,0,0
0,0,0
0,0,0
0,0,0
0,0,0
0,0,0
0,0,0
0,0,0
0,0,0
0,0,0
0,0,0
0,0,0
0,0,0
0,0,0
0,0,0
0,0,0
0,0,0
0,0,0
0,0,0
0,0,0
0,0,0
0,0,0
0,0,0
0,0,0
0,0,0
0,0,0
0,0,0
0,0,0
0,0,0
0,0,0
0,0,0
0,0,0
0,0,0
0,0,0
0,0,0
0,0,0
0,0,0
0,0,0
0,0,0
0,0,0
0,0,0
0,0,0
0,0,0
0,0,0
0,0,0
0,0,0
0,0,0
0,0,0
0,0,0
0,0,0
0,0,0
0,0,0
0,0,0
0,0,0
0,0,0
0,0,0
0,0,0
0,0,0
0,0,0
0,0,0
0,0,0
0,0,0
0,0,0
0,0,0
0,0,0
0,0,0
0,0,0
0,0,0
0,0,0
0,0,0
0,0,0
0,0,0
0,0,0
0,0,0
0,0,0
0,0,0
0,0,0
0,0,0
0,0,0
0,0,0
0,0,0
0,0,0
0,0,0
0,0,0
0,0,0
0,0,0
0,0,0
0,0,0
0,0,0
0,0,0
0,0,0
0,0,0
0,0,0
0,0,0
0,0,0
0,0,0
0,0,0
0,0,0
0,0,0
0,0,0
0,0,0
0,0,0
0,0,0
0,0,0
0,0,0
0,0,0
0,0,0
0,0,0
0,0,0
0,0,0
0,0,0
0,0,0
0,0,0
0,0,0
0,0,0
0,0,0
0,0,0
0,0,0
0,0,0
0,0,0
0,0,0
0,0,0
0,0,0
0,0,0
0,0,0
0,0,0
0,0,0
0,0,0
0,0,0
0,0,0
0,0,0
0,0,0
0,0,0
0,0,0
0,0,0
0,0,0
0,0,0
0,0,0
0,0,0
0,0,0
0,0,0
0,0,0
0,0,0
0,0,0
0,0,0
0,0,0
0,0,0
0,0,0
0,0,0
0,0,0
0,0,0
0,0,0
0,0,0
0,0,0
0,0,0
0,0,0
0,0,0
0,0,0
0,0,0
0,0,0
0,0,0
0,0,0
0,0,0
0,0,0
0,0,0
0,0,0
0,0,0
0,0,0
0,0,0
0,0,0
0,0,0
0,0,0
0,0,0
0,0,0
0,0,0
0,0,0
0,0,0
0,0,0
0,0,0
0,0,0
0,0,0
0,0,0
0,0,0
0,0,0
0,0,0
0,0,0
0,0,0
0,0,0
0,0,0
0,0,0
0,0,0
0,0,0
0,0,0
0,0,0
0,0,0
0,0,0
0,0,0
0,0,0
0,0,0
0,0,0
0,0,0
0,0,0
0,0,0
0,0,0
0,0,0
0,0,0
0,0,0
0,0,0
0,0,0
0,0,0
0,0,0
0,0,0
0,0,0
0,0,0
0,0,0
0,0,0
0,0,0
0,0,0
0,0,0
0,0,0
0,0,0
0,0,0
0,0,0
0,0,0
0,0,0
0,0,0
0,0,0
0,0,0
0,0,0
0,0,0
0,0,0
0,0,0
0,0,0
0,0,0
0,0,0
0,0,0
0,0,0
0,0,0
0,0,0
0,0,0
0,0,0
0,0,0
0,0,0
0,0,0
0,0,0
0,0,0
0,0,0
0,0,0
0,0,0
0,0,0
0,0,0
0,0,0
0,0,0
0,0,0
0,0,0
0,0,0
0,0,0
0,0,0
0,0,0
0,0,0
0,0,0
0,0,0
0,0,0
0,0,0
0,0,0
0,0,0
0,0,0
0,0,0
0,0,0
0,0,0
0,0,0
0,0,0
0,0,0
0,0,0
0,0,0
0,0,0
0,0,0
0,0,0
0,0,0
0,0,0
0,0,0
0,0,0
0,0,0
0,0,0
0,0,0
0,0,0
0,0,0
0,0,0
0,0,0
0,0,0
0,0,0
0,0,0
0,0,0
0,0,0
0,0,0
0,0,0
0,0,0
0,0,0
0,0,0
0,0,0
0,0,0
0,0,0
0,0,0
0,0,0
0,0,0
0,0,0
0,0,0
0,0,0
0,0,0
0,0,0
0,0,0
0,0,0
0,0,0
0,0,0
0,0,0
0,0,0
0,0,0
0,0,0
0,0,0
0,0,0
0,0,0
0,0,0
0,0,0
0,0,0
0,0,0
0,0,0
0,0,0
0,0,0
0,0,0
0,0,0
0,0,0
0,0,0
0,0,0
0,0,0
0,0,0
0,0,0
0,0,0
0,0,0
0,0,0
0,0,0
0,0,0
0,0,0
0,0,0
0,0,0
0,0,0
0,0,0
0,0,0
0,0,0
0,0,0
0,0,0
0,0,0
0,0,0
0,0,0
0,0,0
0,0,0
1.06,-0.31,5.5
-1,0,-0.06
0.25,-0.88,0.81
0.75,-0.06,-0.12
4.06,0,-0.12
0.63,0.12,-0.06
-1.12,0.37,-0.06
1.69,-0.12,-0.06
5.06,-0.31,-0.06
11,-0.88,0.19
12.94,0.12,0.06
32.25,0.63,0.06
23.25,0.63,0
30,0.56,0.12
0.31,0.12,0
-14.94,-0.44,0
-39.88,-1.12,-0.12
-19.06,-0.5,0.81
-13.06,0.12,0.25
-11.06,0.56,0.44
-4.19,0.56,0.63
-2.5,0.5,0
-1.37,1.37,0
-0.5,0.75,-0.06
-0.44,0.25,0
0.69,-0.88,-0.06
2.13,-3.38,-0.25
-1,-0.63,20.62
0.37,-0.31,0
0,0,-0.06
0,-0.06,0
0.06,-0.25,-0.06
-0.25,0,0.06
0.19,-0.12,-0.12
-0.06,-0.12,-1.31
0.19,0.25,-0.06
-0.19,1.06,-0.81
-0.75,0.12,-3.44
-2.25,-1.12,-4.31
-8.38,-3.69,-0.19
-4.63,-0.25,5.88
-19.06,0.37,0
-42.94,0.94,-0.06
-14.88,-0.25,0.75
-1.94,-0.81,5
-3.75,0.19,-0.06
30.44,-0.81,1.37
14.38,-0.5,0.06
21.19,-0.56,0.12
26.75,-1.06,2.19
-19.25,0.69,-0.75
-39,0.88,0
-19.31,0.31,1.12
-10.63,-0.19,1.69
17.69,-0.12,0.19
52.81,-1.19,0.37
21.75,-0.94,0
-14.44,0.12,0.12
-48.75,1.19,-0.19
-29.44,0.37,0.06
1.06,0,-0.06
40.88,-1.44,4.75
35,-1.19,0.31
28.12,-1.31,-0.06
-38.88,2,-3
-47.88,1.06,-0.25
-16.06,-0.19,0.37
14,0,0
37.38,-0.88,0.31
43.19,-1.5,1.31
2.25,0.56,-5.25
-49.25,2.44,0
-46.5,0.88,-0.5
-12.69,0.12,0.56
26.56,-0.25,0.44
60.13,-2.25,5.63
29.75,-1,0.44
-7.44,-0.63,0
-75.81,2.44,-0.56
-33.81,0.37,-0.06
10.63,-0.19,1.44
48.31,-1.37,0.37
89.19,-4.75,17.44
6.19,0.06,3.06
37.75,-3.19,-1.25
92.37,2.63,3.38
44.69,1.75,2.38
-18,-0.37,0.19
-67.56,-1,0.56
-53.56,3.31,-1.06
94.37,2.75,-6.38
31.44,0.31,-0.37
19.19,2.88,9.94
-56.63,1.81,11.19
-89.87,-2,4.13
6.44,-0.37,0.06
86.19,1.25,-9
29.69,-0.25,-2.69
-27.19,3.56,16
-87.12,-1.88,1.31
-11.31,1.5,0.44
70.87,-2.38,-1.12
72.87,1.25,0.25
-7.38,0.19,2.25
-116.94,-4.5,-13.25
-1.25,-1.63,11.69
-0.94,0.75,-35.94
0.37,0,-112.69
-2.88,-3.88,1.06
4.5,1.56,70.5
-0.63,2,69
12.5,8.31,3.56
-6.38,75.69,-24.56
-0.94,3.25,-15.94
-0.94,-54.38,-1.81
-2.81,-62,7.31
0.25,1.06,2.25
1.63,63.31,0.75
2.75,72.5,-5.81
1.5,33.75,2.44
-0.19,-51.94,-1.94
-2.75,-70.94,-4.56
1.75,0.44,-2.63
1.56,73.94,2.63
2.13,65.56,-0.44
-0.88,4.5,5.13
-1.19,-45.19,-0.37
-0.25,-57.44,-2.88
0.37,-22.75,-4.31
1.06,65.69,-3.19
0.94,39.75,-0.25
-1.19,1.94,-0.31
-1.37,-47.06,0.63
-1.19,-81.56,1.31
8.69,-14.88,-0.63
-2.25,-2.5,4.19
-0.25,-78.06,0.19
-3.63,-42.06,-2
0.81,21.5,0
-2,71.19,-11.69
10.19,9.81,-13.56
2.81,-7.69,11.13
-0.12,-82.25,3.5
-2,-48.75,-1.12
1.94,29.06,-5
1.06,78.37,-10.44
-0.5,65.69,2.06
0.31,-1.75,1.81
-2.56,-82.25,-6.31
-5.63,-53.19,6.63
-1.81,-7.06,0.94
8,49.31,3.81
4.06,54.56,0.31
-9.75,51.75,-0.81
-1.63,-1.5,9.63
-30,-47.88,-2.63
-24.94,-32.94,-8.13
8.13,9.94,-0.12
33.69,35.69,-4.31
-6,45.44,-14
-0.75,1.12,-0.19
-1.19,0.63,11.44
-0.37,1.63,-4.13
1.37,1.5,-0.06
0.81,0.06,0.31
0.94,0.37,0.12
-5.75,-13.19,-7.88
-2.63,8.5,8.25
-3.13,12.69,7.5
14.19,-11.63,9.81
2.56,-7.44,8.81
20.44,-18.25,-2.63
3.75,-3.19,1.56
1.12,-1.56,-0.63
5.5,-12.56,-1.81
-0.44,-5.5,-0.69
-10.19,122.81,-0.31
-14.25,1.31,2.25
-6.38,21.06,1.37
3.31,1,5.69
6,-16.62,0.94
-26.69,8.88,-40.31
-0.63,12.31,0.06
-3.19,12.44,-2.56
-1.69,0.63,0.63
4,-23.19,-1.25
16.19,-14.69,10.63
2.25,-1.81,3.19
-2.19,-0.63,-2.31
-0.88,4.06,-5.06
-1.37,2.88,-13.5
-1.19,-0.44,6.69
1.19,1,7.25
0.31,0.25,3.31
11.44,-16.56,-0.37
-2.06,1.81,-13.44
-1.63,1.25,2.38
0.81,-1.12,10.69
-0.44,-0.5,10.31
3.44,-7,0.12
0.63,0.25,3.31
1.56,-0.56,98
-1.69,-0.63,173.13
0.56,-0.06,44.06
-5.5,1.88,-199.94
2.88,1.25,-164
4.56,0,-42
-4.38,-1.25,284.13
1.69,-0.37,95.06
0.25,1.69,-139.06
-0.88,1.63,-177.69
1.12,-0.81,-27.31
-0.63,-2,179.38
-0.06,-0.94,120.69
3.94,0,-52.81
0.75,0.88,-183.38
2.31,1.44,-22.19
-1.81,-0.94,219.81
0.19,0.06,132.63
2.13,-1.69,-129.69
2.75,0.81,-197.88
-0.12,0.63,-14.63
-1.94,-1.69,273.13
-0.75,-1.37,79.94
-0.12,1.44,-163.75
2.06,2.63,-146.06
1.44,0.5,-4.44
-2.25,-1.25,223.44
3.13,-0.12,47
-7.69,-2.81,-230.63
1.63,0.81,-49.56
-8.19,-10.75,27.12
-0.19,-0.37,0.06
0.12,-0.12,0
-0.12,-0.06,-0.12
-0.12,0.06,0
0,-0.12,0.06
0.06,-0.12,-0.06
0,0.06,-0.12
-0.06,0,0.06
-6.69,-5.81,0
3.5,2.44,-0.19
-3.06,-2,0
0.5,0,0
-2.25,-2.63,-5.06
2.63,13.63,-14.06
0.5,0.5,0.06
0.37,-0.44,-5.25
-7.19,-8.63,22.69
-16.06,-4.19,36.63
-32.31,4.5,21.69
-4.75,26.25,0.25
21,15.44,9.19
17.87,22.25,-2.31
16.69,24.56,-15.38
22.81,20.37,-26.81
31.56,12.75,-27.69
30.12,7.25,-22.44
9.38,4.63,-40.44
5.06,-14.13,-21
10.81,-23.25,-14.88
-4.19,-24.31,-17.62
-26.37,-15.88,-19.5
-15.44,-11.88,-1
7.13,-18.37,-0.31
1.44,4.31,12.25
3.44,9.69,38.19
34.5,8.06,66.87
51,22.81,58.69
45.94,40.25,49.19
38.69,26.06,70
5.75,30,45.69
-20,43,23.56
9.38,37.63,16.25
25.31,11.19,19.75
15.31,35.63,-2.44
7.63,55.88,-28.69
17.31,30.94,-32.81
8.44,27.44,-46.88
-3.94,24.44,-31.19
12.25,-9.94,-34.69
20.69,-32.81,-17.19
28.69,-18.37,-27.69
45.19,-59.25,-11.25
33,-56.88,-15.31
16.19,-42.75,-26.81
8.5,-29.19,-33
8.31,-51.81,-16.94
-2.44,-16.5,-35.56
3.31,-17.87,-18.56
-9.69,-28.94,-24.19
-7,-24.06,-8
-1.06,-28.69,-25.56
6.13,-22.81,-31.75
-5.13,-13.19,-22.75
-11.25,-7.56,-18.69
-7.31,-11.38,5.25
-5.06,-4.38,25.37
-19.44,0.56,26.31
-23.94,-0.37,39.44
-21.31,15.94,47.63
-9.75,15.44,47.69
-12.69,16.12,49.25
-28.5,19.44,40.25
-26,18.56,25.5
-21.5,8.69,26.94
-17.5,17.87,25.25
-19.75,6.75,29.12
-6.88,9.38,26.69
10.06,12.13,13.56
-9.44,50.88,-14.25
-5.19,48.44,-32.44
49.94,16.56,-6.88
31.31,32.19,-27.56
23.94,55.06,-5.56
47.44,59.88,-21.19
27.37,-5.81,-11.38
25.81,0.31,-8
0.75,-40,8.69
-2.06,-16.31,-30.06
-19.75,-25.5,-23.94
-25.87,-70.31,3.56
6.81,-8.25,-13.44
4.31,6.19,-2.81
0.69,3.25,3.19
-1,-6.75,0.44
3.56,-1.75,1.37
0.88,3.25,9.69
-5.25,-1.19,6.88
2.75,-0.94,0.37
0.81,-0.88,-1.94
-0.06,3.44,-1.69
2.31,-0.06,1.37
-0.31,-1.44,-1.63
-3.44,-2.25,2.56
-2,6.44,-2.31
-0.12,1.69,-2.13
0.06,1.63,-2.44
-0.56,-7.19,-2.69
-0.69,-4.81,-3.44
-3.38,-7.13,-4.63
0.94,-3.81,0.88
-10.31,-6.88,17.81
1.37,21.19,29.37
9,38.06,39.13
-10,98.69,4.31
1.25,55.38,21.75
14.88,-20.5,34.44
33.69,60.5,10.06
45.81,38.56,-2.69
-20.75,2.44,-8.5
-22.37,-29.06,5
9,-14.69,14.38
1.63,-6,4.19
-4.25,-22.44,12.19
2.56,-26.31,-0.5
-26.62,-39,-7.44
-24.44,-68.62,-5.69
-15.44,-96.37,8.75
7.25,-89.25,13.88
-83.69,-63.75,3.38
-35.31,-61.06,-1.31
-52.88,-58.13,5.63
-71.69,-23.94,-4.06
-29.31,-45.56,-12.13
7.38,27.44,-39.94
60.06,-64.19,57.69
7.38,3.69,-3.56
0.06,0.31,0
0.06,-0.06,0.12
0.06,0.19,-0.12
0.19,0.12,0.06
-0.06,0.12,0.06
0,0.12,0
0.12,-0.06,0.06
0.12,0.19,0
-0.06,-0.12,0
-0.12,-0.06,0
-0.06,-0.06,0.06
0.06,-0.12,0.06
-0.12,-0.06,-0.12
0,-0.12,0.06
0.06,0,0.06
0,-0.06,0.19
