X,Y,Z
0,0,0
0,0,0
0,0,0
0,0,0
0,0,0
0,0,0
0,0,0
0,0,0
0,0,0
0,0,0
0,0,0
0,0,0
0,0,0
0,0,0
0,0,0
0,0,0
0,0,0
0,0,0
0,0,0
0,0,0
0,0,0
0,0,0
0,0,0
0,0,0
0,0,0
0,0,0
0,0,0
0,0,0
0,0,0
0,0,0
0,0,0
0,0,0
0,0,0
0,0,0
0,0,0
0,0,0
0,0,0
0,0,0
0,0,0
0,0,0
0,0,0
0,0,0
0,0,0
0,0,0
0,0,0
0,0,0
0,0,0
0,0,0
0,0,0
0,0,0
0,0,0
0,0,0
0,0,0
0,0,0
0,0,0
0,0,0
0,0,0
0,0,0
0,0,0
0,0,0
0,0,0
0,0,0
0,0,0
0,0,0
0,0,0
0,0,0
0,0,0
0,0,0
0,0,0
0,0,0
0,0,0
0,0,0
0,0,0
0,0,0
0,0,0
0,0,0
0,0,0
0,0,0
0,0,0
0,0,0
0,0,0
0,0,0
0,0,0
0,0,0
0,0,0
0,0,0
0,0,0
0,0,0
0,0,0
0,0,0
0,0,0
0,0,0
0,0,0
0,0,0
0,0,0
0,0,0
0,0,0
0,0,0
0,0,0
0,0,0
0,0,0
0,0,0
0,0,0
0,0,0
0,0,0
0,0,0
0,0,0
0,0,0
0,0,0
0,0,0
0,0,0
0,0,0
0,0,0
0,0,0
0,0,0
0,0,0
0,0,0
0,0,0
0,0,0
0,0,0
0,0,0
0,0,0
0,0,0
0,0,0
0,0,0
0,0,0
0,0,0
0,0,0
0,0,0
0,0,0
0,0,0
0,0,0
0,0,0
0,0,0
0,0,0
0,0,0
0,0,0
0,0,0
0,0,0
0,0,0
0,0,0
0,0,0
0,0,0
0,0,0
0,0,0
0,0,0
0,0,0
0,0,0
0,0,0
0,0,0
0,0,0
0,0,0
0,0,0
0,0,0
0,0,0
0,0,0
0,0,0
0,0,0
0,0,0
0,0,0
0,0,0
0,0,0
0,0,0
0,0,0
0,0,0
0,0,0
0,0,0
0,0,0
0,0,0
0,0,0
0,0,0
0,0,0
0,0,0
0,0,0
0,0,0
0,0,0
0,0,0
0,0,0
0,0,0
0,0,0
0,0,0
0,0,0
0,0,0
0,0,0
0,0,0
0,0,0
0,0,0
0,0,0
0,0,0
0,0,0
0,0,0
0,0,0
0,0,0
0,0,0
0,0,0
0,0,0
0,0,0
0,0,0
0,0,0
0,0,0
0,0,0
0,0,0
0,0,0
0,0,0
0,0,0
0,0,0
0,0,0
0,0,0
0,0,0
0,0,0
0,0,0
0,0,0
0,0,0
0,0,0
0,0,0
0,0,0
0,0,0
0,0,0
0,0,0
0,0,0
0,0,0
0,0,0
0,0,0
0,0,0
0,0,0
0,0,0
0,0,0
0,0,0
0,0,0
0,0,0
0,0,0
0,0,0
0,0,0
0,0,0
0,0,0
0,0,0
0,0,0
0,0,0
0,0,0
0,0,0
0,0,0
0,0,0
0,0,0
0,0,0
0,0,0
0,0,0
0,0,0
0,0,0
0,0,0
0,0,0
0,0,0
0,0,0
0,0,0
0,0,0
0,0,0
0,0,0
0,0,0
0,0,0
0,0,0
0,0,0
0,0,0
0,0,0
0,0,0
0,0,0
0,0,0
0,0,0
0,0,0
0,0,0
0,0,0
0,0,0
0,0,0
0,0,0
0,0,0
0,0,0
0,0,0
0,0,0
0,0,0
0,0,0
0,0,0
0,0,0
0,0,0
0,0,0
0,0,0
0,0,0
0,0,0
0,0,0
0,0,0
0,0,0
0,0,0
0,0,0
0,0,0
0,0,0
0,0,0
0,0,0
0,0,0
0,0,0
0,0,0
0,0,0
0,0,0
0,0,0
0,0,0
0,0,0
0,0,0
0,0,0
0,0,0
0,0,0
0,0,0
0,0,0
0,0,0
0,0,0
0,0,0
0,0,0
0,0,0
0,0,0
0,0,0
0,0,0
0,0,0
0,0,0
0,0,0
0,0,0
0,0,0
0,0,0
0,0,0
0,0,0
0,0,0
0,0,0
0,0,0
0,0,0
0,0,0
0,0,0
0,0,0
0,0,0
0,0,0
0,0,0
0,0,0
0,0,0
0,0,0
0,0,0
0,0,0
0,0,0
0,0,0
0,0,0
0,0,0
0,0,0
0,0,0
0,0,0
0,0,0
0,0,0
0,0,0
0,0,0
0,0,0
0,0,0
0,0,0
0,0,0
0,0,0
0,0,0
0,0,0
0,0,0
0,0,0
0,0,0
0,0,0
0,0,0
0,0,0
0,0,0
0,0,0
0,0,0
0,0,0
0,0,0
0,0,0
0,0,0
0,0,0
0,0,0
0,0,0
0,0,0
0,0,0
0,0,0
0,0,0
0,0,0
0,0,0
0,0,0
0,0,0
0,0,0
0,0,0
0,0,0
0,0,0
0,0,0
0,0,0
0,0,0
0,0,0
0,0,0
0,0,0
0,0,0
0,0,0
0,0,0
0,0,0
0,0,0
0,0,0
0,0,0
0,0,0
0,0,0
0,0,0
0,0,0
0,0,0
0,0,0
0,0,0
0,0,0
0,0,0
0,0,0
0,0,0
0,0,0
0,0,0
0,0,0
0,0,0
0,0,0
0,0,0
0,0,0
0,0,0
0,0,0
0,0,0
0,0,0
0,0,0
0,0,0
0,0,0
0,0,0
0,0,0
0,0,0
0,0,0
0,0,0
0,0,0
0,0,0
0,0,0
0,0,0
0,0,0
0,0,0
0,0,0
0,0,0
0,0,0
0,0,0
0,0,0
0,0,0
0,0,0
0,0,0
0,0,0
0,0,0
0,0,0
0,0,0
0,0,0
0,0,0
0,0,0
0,0,0
0,0,0
0,0,0
0,0,0
0,0,0
0,0,0
0,0,0
0,0,0
0,0,0
0,0,0
0,0,0
0,0,0
0,0,0
0,0,0
0,0,0
0,0,0
0,0,0
0,0,0
0,0,0
0,0,0
0,0,0
0,0,0
0,0,0
0,0,0
0,0,0
0,0,0
0,0,0
0,0,0
0,0,0
0,0,0
0,0,0
0,0,0
0,0,0
0,0,0
0,0,0
0,0,0
0,0,0
0,0,0
0,0,0
0,0,0
0,0,0
0,0,0
0,0,0
0,0,0
0,0,0
0,0,0
0,0,0
0,0,0
0,0,0
0,0,0
0,0,0
0,0,0
0,0,0
0,0,0
0,0,0
0,0,0
0,0,0
0,0,0
0,0,0
0,0,0
0,0,0
0,0,0
0,0,0
0,0,0
0,0,0
0,0,0
0,0,0
0,0,0
0,0,0
0,0,0
0,0,0
0,0,0
0,0,0
0,0,0
0,0,0
0,0,0
0,0,0
0,0,0
0,0,0
0,0,0
0,0,0
0,0,0
-9.38,30.5,-19.37
-8.19,31.56,-20.19
-9.38,32.06,-18.19
-9.38,32.19,-17.37
-10.25,31.25,-17.37
-9.88,32.19,-17.37
-9.19,31.37,-17.75
-9.56,31.69,-18.25
-9.19,31.69,-16.25
-9.75,31.69,-17.5
-8,32.38,-17.37
-5.75,32,-18.19
-1.25,32.88,-22.25
0.5,32.69,-27.19
0.5,32.69,-28.75
-1.88,33.19,-28.75
-6.19,32.38,-28.06
-8.56,32.19,-28.75
-10,31.25,-29.75
-9.38,32.69,-30.56
-9.75,32.56,-29.25
-12.25,31.19,-29.87
-13.38,30.25,-30.56
-16.69,30.06,-28.06
-19.87,30.25,-28.25
-23.19,31.5,-27
-21.75,30.87,-28.19
-19.69,31.19,-29
-14.75,31.06,-31.69
-12.19,31.5,-32.38
-10.19,31.87,-32.56
-9.69,31.5,-32.56
-7.19,31.56,-33.5
-0.69,32,-34.75
3,30.69,-37.06
1.25,30.69,-36.25
-5.38,31.75,-35.5
-8,31.56,-34.88
-9.38,31.56,-35.5
-9.5,30.25,-33.75
-11.06,30,-35.75
-10.38,30.37,-34.06
-10.38,32.75,-32.19
-8.88,38.19,-28.19
-8.56,39.56,-24.37
-7.56,37.38,-27
-8.69,32.69,-30.19
-8.69,28.69,-34.19
-9.06,24.69,-35.75
-9.19,24.75,-36.25
-8.38,27.25,-33.75
-7.38,36.38,-26.56
-7.75,38.38,-23.5
-8.5,34.38,-28.19
-7.69,28.75,-32.06
-8.75,24.5,-35
-8.75,23.56,-35.06
-8.75,22.69,-36.19
-9.19,23.37,-37
-7.38,23.25,-37
-6.56,23.69,-36.69
-7,24.06,-37.5
-5.88,23,-36.69
-5.88,24.06,-36.25
-5.5,23.37,-36
-5.5,23.75,-36.69
-5.88,25.25,-35.5
-5.5,24.56,-35.5
-4.75,24.56,-37.5
-4.5,22.69,-38.56
-4.56,20.06,-39.06
-5,17.5,-41.5
-6.88,15.5,-41.88
-7.5,14.06,-42
-6.06,13.38,-42.5
-6.56,13.06,-42.56
-8.06,12,-41
-8.5,12.56,-41.88
-8.5,14.5,-41.5
-8.88,15.25,-41.5
-10,16.5,-41
-10.38,16.69,-39.5
-10.38,18.69,-39.56
-11.06,18.87,-40
-11.06,18.19,-40.75
-12.56,16.37,-40
-13.38,16,-39.56
-14.38,16.37,-38.75
-16.69,15.06,-39.56
-16.56,13.25,-40.38
-16.87,11,-39.56
-16.37,9.56,-40
-17.56,6.25,-39.25
-17.25,4.69,-41.19
-17.75,4.56,-40.88
-17,3.06,-41.19
-17.06,4.06,-40.88
-17,3.38,-41.19
-15.75,4.5,-41.69
-16.69,5.56,-40.5
-15.75,5.19,-41.69
-15.5,6.25,-41.19
-14.69,7.06,-40.88
-13.69,7.75,-41.69
-14.06,9.25,-40.88
-12.88,8.38,-42.38
-12.06,9.5,-40.5
-12.56,9.06,-41.19
-13.69,10.5,-40.5
-14.38,12.38,-40.06
-14.75,14.19,-39.25
-11.88,14.19,-40.06
-10.38,13.38,-39.69
-4.06,13.75,-40.88
3.38,13.19,-41.25
8.19,12.75,-40.38
15.88,12.38,-38.06
19.87,11.69,-37
23.25,11.25,-36.06
23.25,10.88,-35.56
23.19,11.25,-35.56
22.75,11.25,-35.25
23.87,11.25,-36.69
24.56,10.88,-34.75
24.69,10.88,-35.5
23.56,11.25,-34.88
23.87,11.25,-35.56
23.87,10.88,-35.19
23.87,11.25,-34.5
23.56,10.88,-35.25
24.25,10.88,-36.06
24.25,12,-34.88
22.06,10.5,-36.75
15.38,11.25,-40.38
11,12,-40.75
9.75,12,-41.56
7.56,11.69,-41.06
1.56,12,-41.75
-4,12.75,-42.5
-10.56,11.69,-41.25
-14.25,11.25,-40.25
-14.25,11.19,-41.06
-14,11.88,-39.88
-14.25,11.56,-40.25
-20.56,13.38,-37.56
-29.87,14.56,-30.87
-37.56,13.06,-20.56
-41.56,11.56,-13.5
-42.25,11.56,-3.88
-43.56,10.38,-0.56
-43.19,10.38,-1.06
-42.69,10.75,-0.19
-42.38,10.69,-0.5
-42.56,11.5,-1
-42.25,10.25,-5.25
-41.06,12.19,-10.25
-38.19,11.06,-21
-32.25,10,-28.37
-26,10,-33.5
-19.87,10.69,-37.06
-17.87,11.5,-37.38
-18.69,12.19,-37.38
-18.25,12.56,-37.38
-16.5,11.06,-39.38
-15.75,8.88,-40.56
-15.88,7.5,-39
-15.88,7.38,-41.69
-15.5,5.75,-41.38
-16.56,4.38,-41.38
-16.25,3.25,-41.75
-15.56,1.5,-42.88
-14.06,1.06,-42.56
-13.25,0.19,-43.38
-13.69,-0.19,-44.06
-13,0.88,-43.69
-13.69,1.56,-41.69
-16,3.06,-41.75
-15.19,6.06,-41.38
-15.69,9.06,-40.19
-13.75,12.25,-40.19
-11.56,13.75,-39.75
-7.5,15.5,-39.38
-6.38,16.37,-39
-6.38,16,-38.19
-6.06,16.5,-38.19
-6.75,16.37,-39.06
-6.38,15.56,-37.75
-6.06,15.56,-39
-6.75,11.19,-41.38
-7.19,9.38,-42.19
-7.56,6.69,-42.19
-8.06,5.19,-44.06
-7.38,4.88,-43.69
-7,3.75,-44.06
-7.06,4.25,-44.56
-6.69,3.88,-44.56
-8.5,4.19,-44.06
-9.69,4.5,-43.69
-10.75,5.56,-42.56
-11.88,8.19,-41.38
-12.69,9.69,-40.19
-11.19,10.38,-40.69
-10.38,11.19,-40.25
-11.5,10.75,-41.06
-13.38,9.38,-40.25
-13.69,9,-41.75
-12.25,6.69,-41.88
-11.38,6,-43.06
-9.19,5.19,-43.5
-8.75,5.56,-43.75
-7.38,5.56,-44.19
-5.5,5.19,-43.75
-4,4.88,-44.19
-3.25,6,-43
-4.38,7.88,-43
-7,11.5,-41.06
-10.69,12.25,-42.25
-12.06,12.25,-42
-14.25,12.25,-40.75
-15.75,11.88,-40.38
-14.69,10.75,-40.38
-15.38,13,-38.38
-15,13.38,-38
-14.69,14.5,-37.25
-15.69,16.37,-35.25
-16.06,19.69,-33
-14.88,21.87,-34.19
-15.75,22,-34.56
-14.69,20.5,-35.38
-14.69,19.06,-36.19
-14.69,18.25,-35.38
-17.25,18,-36.19
-18.06,15.25,-37.25
-19.19,12,-37.25
-19.69,8.75,-39.19
-20.06,6.25,-41.19
-20.06,3.25,-41.19
-20.5,4.88,-40.88
-21.37,6.75,-40.5
-19.75,9.75,-39.25
-19,10.38,-38.88
-17.56,13.75,-39.25
-16.75,15.38,-38.5
-16.5,15.38,-38.5
-16.75,11.69,-40.06
-17.19,5.69,-41.25
-17.19,2.75,-42
-18,2.06,-43.25
-19.37,4.38,-40.88
-20.06,8.5,-39.25
-19.75,12.5,-38.5
-17.69,13.56,-38.06
-14.69,15.56,-38.06
-13.56,13.88,-40
-15.88,13.56,-38.38
-15.75,15.38,-37.56
-15.75,15.38,-38
-16.56,15.25,-38.38
-19.5,12.69,-37.25
-21.69,11.19,-38
-17.69,13.5,-38.38
-12.88,14.56,-40.38
-13.56,14.19,-39.5
-15.38,12.69,-39.19
-19.37,11.19,-38.25
-19.75,9,-39.06
-16.75,10.5,-40.75
-14.19,13.5,-40
-11.25,15,-39.88
-13.5,13.06,-40.69
-15.69,11.19,-41.06
-16.75,10.5,-41.06
-15.25,12,-40.25
-13.06,14.19,-39.88
-12,15.69,-40.25
-12.75,13.06,-41.06
-15.69,11.19,-40.25
-16.5,11.19,-39.88
-15.25,11.56,-40.25
-13.06,13.5,-41.06
-14.19,13.5,-39.5
-16.75,13.06,-39.88
-20.5,11.56,-37.38
-22,6.75,-37.75
-20.87,2,-40.19
-17.19,-4,-41.69
-18.25,-2.88,-41.38
-18.25,-0.19,-41.69
-17.56,2.25,-41.38
-16.75,5,-41
-16.06,7.5,-41
-17.56,9,-40.56
-16.06,5.25,-41
-15.69,3.5,-43
-17.19,4.19,-41
-18.25,7.88,-40.19
-19.75,10.75,-40.19
-16.75,13.06,-38.56
-15.69,13.88,-38.19
-14.56,14.25,-39.06
-13.5,16.19,-38.56
-12,16,-39
-13.5,15.56,-38.56
-13.5,16,-38.56
-13.5,15.56,-38.19
-14.19,15.56,-36.69
-14.19,15.25,-38.56
-13.75,15.25,-38.56
-13.5,16,-37.75
-13.5,16,-38.19
-13.75,15.56,-37.06
-14.19,16,-38.56
-14.56,15.56,-38.19
-14.56,16,-39
-14.19,15.56,-37.75
-13.5,14.5,-37.75
-13.75,15.25,-37.75
-13.06,15.56,-37.75
-14.19,14.88,-37.75
-14.19,14.88,-37.06
-13.75,15.25,-37.06
-13.5,15.56,-37.75
-14.56,15.56,-37.06
-13.75,15.56,-38.19
-14.56,14.88,-37.88
-14.19,16,-39
-13.75,14.88,-39
-13.5,14.5,-39
-13.06,15.56,-37.06
-13.06,14.88,-37.25
-13.75,15.56,-38.5
-13.06,14.88,-38.19
-12.38,15.56,-36.56
-12.75,16,-38.19
-12.38,15.56,-39.38
-12.38,15.56,-38.56
-12.38,15.56,-38.56
-12.38,15.56,-38.56
-12,16,-38.56
-13.06,16,-38.56
-11.56,16.25,-38.06
-12,16.25,-37
-12.38,15.56,-38.06
-15.25,16,-37.25
-20.06,16.25,-35.5
-21.56,16.37,-35.06
-23,16.25,-32.69
-23.37,16.69,-34
-24.06,16.25,-33.19
-24.06,17.06,-33.56
-25.56,16.69,-32
-24.87,17.06,-32.38
-23.37,16.69,-34
-24.5,17.06,-32.75
-24.5,16.25,-33.19
-24.06,17.06,-32.38
-24.5,16.69,-32.38
-24.06,16.69,-32
-24.87,16.69,-33.19
-25.19,16.69,-33.19
-24.06,16.69,-32.75
-25.19,16.69,-32.75
-25.19,17.5,-32
-25.19,16.69,-32.75
-24.87,17.5,-31.69
-26,16.69,-32
-25.56,17.5,-32.38
-25.19,17.5,-31.69
-26,17.06,-31.69
-26,17.06,-31.69
-26.69,17.06,-31.69
-25.56,16.37,-31.69
-25.56,17.06,-32
-26.69,17.5,-32.38
-26,17.06,-31.69
-26,17.75,-30.75
-26,17.75,-31.19
-26.37,16.69,-32.38
-24.87,17.06,-31.69
-24.06,17.5,-32.75
-22.25,16.37,-34
-19.69,16.69,-35.19
-17.06,16,-37.19
-12.69,16,-37.56
-11.88,15.56,-37.25
-11.5,16,-37.56
-10.25,16,-38.75
-10.38,16.5,-38.06
-11.38,16.37,-38.75
-11.38,16.75,-37.56
-10.25,16.5,-39.19
-7.5,15.38,-40
-8.19,15.69,-41.19
-7.06,14.19,-41.56
-7.5,15,-40.38
-7.06,13.88,-41.19
-5.56,13.06,-41.56
-6.56,13.56,-41.56
-7.69,15.75,-40.38
-5.88,14.25,-41.19
-7.69,16.19,-39.69
-6.56,16.19,-40.88
-5.06,15.06,-41.56
-7,17.69,-39.25
-6.25,16.19,-40.88
-5.88,15.75,-40.75
-6.56,18,-40.5
-4.75,16.19,-41.25
-7,17.25,-38.88
-5.06,14.75,-42.06
-5.06,17.37,-39.69
-4,14.75,-41.69
-5.06,14.38,-41.69
-6.25,17.37,-40.5
-4,14.38,-41.69
-6.56,15.88,-39.69
-4.75,16.25,-41.69
-5.38,15.56,-42.06
-4.69,17.06,-40.5
-5.38,15.69,-40.88
-5,17.5,-40.88
-2.06,15.69,-41.25
-4.25,16.69,-40.5
-3.19,17.06,-41.25
-5,16.69,-41.25
-3.19,16,-40.88
-3.88,15.69,-40.88
-3.5,17.19,-40.88
-3.5,16.06,-41.69
-3.19,16.06,-41.25
-4.25,16.06,-40.06
-3.5,15,-41.69
-3.88,16.75,-40.88
-2.38,15.75,-41.25
-4.25,16.5,-40.88
-2.38,15,-41.69
-3.5,15.38,-41.69
-3.19,16.56,-41.25
-2.75,15.5,-41.69
-3.5,17.69,-39.69
-0.56,14.38,-41.69
-3.19,16.87,-41.69
-1.25,13.56,-42.88
-3.19,16.19,-40.88
-2.38,16,-41.25
-0.06,13.69,-43.19
-2.25,16.69,-41.25
0.25,14.75,-42.5
-3.75,17,-40.5
-0.5,14.5,-43.69
-3.06,16.37,-41.69
-0.06,14.56,-42.88
-1.56,14.56,-42
0.25,15.69,-42
-0.5,14.88,-43.25
-1.19,17.06,-41.25
-0.5,16.19,-42
-2.69,16.5,-40.5
-3.75,16.87,-38.88
-3.19,16.87,-41.25
-6.19,16.19,-40
-5.75,16.5,-41.56
-5.75,16.5,-40.75
-5,15.75,-41.56
-5,16.87,-40.38
-6.19,16.5,-40.75
-6.19,15.75,-40
-5.75,16.87,-41.56
-5.75,16.87,-40.38
