timestamp,acc x,acc y,acc z
0,0,0,0
0,0,0,0
0,0,0,0
0,0,0,0
0,0,0,0
0,0,0,0
0,0,0,0
0,0,0,0
0,0,0,0
0,0,0,0
0,0,0,0
0,0,0,0
0,0,0,0
0,0,0,0
0,0,0,0
0,0,0,0
0,0,0,0
0,0,0,0
0,0,0,0
0,0,0,0
0,0,0,0
0,0,0,0
0,0,0,0
0,0,0,0
0,0,0,0
0,0,0,0
0,0,0,0
0,0,0,0
0,0,0,0
0,0,0,0
0,0,0,0
0,0,0,0
0,0,0,0
0,0,0,0
0,0,0,0
0,0,0,0
0,0,0,0
0,0,0,0
0,0,0,0
0,0,0,0
0,0,0,0
0,0,0,0
0,0,0,0
0,0,0,0
0,0,0,0
0,0,0,0
0,0,0,0
0,0,0,0
0,0,0,0
0,0,0,0
0,0,0,0
0,0,0,0
0,0,0,0
0,0,0,0
0,0,0,0
0,0,0,0
0,0,0,0
0,0,0,0
0,0,0,0
0,0,0,0
0,0,0,0
0,0,0,0
0,0,0,0
0,0,0,0
0,0,0,0
0,0,0,0
0,0,0,0
0,0,0,0
0,0,0,0
0,0,0,0
0,0,0,0
0,0,0,0
0,0,0,0
0,0,0,0
0,0,0,0
0,0,0,0
0,0,0,0
0,0,0,0
0,0,0,0
0,0,0,0
0,0,0,0
0,0,0,0
0,0,0,0
0,0,0,0
0,0,0,0
0,0,0,0
0,0,0,0
0,0,0,0
0,0,0,0
0,0,0,0
0,0,0,0
0,0,0,0
0,0,0,0
0,0,0,0
0,0,0,0
0,0,0,0
0,0,0,0
0,0,0,0
0,0,0,0
0,0,0,0
0,0,0,0
0,0,0,0
0,0,0,0
0,0,0,0
0,0,0,0
0,0,0,0
0,0,0,0
0,0,0,0
0,0,0,0
0,0,0,0
0,0,0,0
0,0,0,0
0,0,0,0
0,0,0,0
0,0,0,0
0,0,0,0
0,0,0,0
0,0,0,0
0,0,0,0
0,0,0,0
0,0,0,0
0,0,0,0
0,0,0,0
0,0,0,0
0,0,0,0
0,0,0,0
0,0,0,0
0,0,0,0
0,0,0,0
0,0,0,0
0,0,0,0
0,0,0,0
0,0,0,0
0,0,0,0
0,0,0,0
0,0,0,0
0,0,0,0
0,0,0,0
0,0,0,0
0,0,0,0
0,0,0,0
0,0,0,0
0,0,0,0
0,0,0,0
0,0,0,0
0,0,0,0
0,0,0,0
0,0,0,0
0,0,0,0
0,0,0,0
0,0,0,0
0,0,0,0
0,0,0,0
0,0,0,0
0,0,0,0
0,0,0,0
0,0,0,0
0,0,0,0
0,0,0,0
0,0,0,0
0,0,0,0
0,0,0,0
0,0,0,0
0,0,0,0
0,0,0,0
0,0,0,0
0,0,0,0
0,0,0,0
0,0,0,0
0,0,0,0
0,0,0,0
0,0,0,0
0,0,0,0
0,0,0,0
0,0,0,0
0,0,0,0
0,0,0,0
0,0,0,0
0,0,0,0
0,0,0,0
0,0,0,0
0,0,0,0
0,0,0,0
0,0,0,0
0,0,0,0
0,0,0,0
0,0,0,0
0,0,0,0
0,0,0,0
0,0,0,0
0,0,0,0
0,0,0,0
0,0,0,0
0,0,0,0
0,0,0,0
0,0,0,0
0,0,0,0
0,0,0,0
0,0,0,0
0,0,0,0
0,0,0,0
0,0,0,0
0,0,0,0
0,0,0,0
0,0,0,0
0,0,0,0
0,0,0,0
0,0,0,0
0,0,0,0
0,0,0,0
0,0,0,0
0,0,0,0
0,0,0,0
0,0,0,0
0,0,0,0
0,0,0,0
0,0,0,0
0,0,0,0
0,0,0,0
0,0,0,0
0,0,0,0
0,0,0,0
0,0,0,0
0,0,0,0
0,0,0,0
0,0,0,0
0,0,0,0
0,0,0,0
0,0,0,0
0,0,0,0
0,0,0,0
0,0,0,0
0,0,0,0
0,0,0,0
0,0,0,0
0,0,0,0
0,0,0,0
0,0,0,0
0,0,0,0
0,0,0,0
0,0,0,0
0,0,0,0
0,0,0,0
0,0,0,0
0,0,0,0
0,0,0,0
0,0,0,0
0,0,0,0
0,0,0,0
2,0.04,0,-0.52
2,-0.03,0.09,-0.41
2,-0.1,0.11,-0.42
1,0,0,0
1,0,0,0
1,0,0,0
1,0,0,0
2,0,0,0
2,0,0,0
2,0.02,-0.3,-3.43
2,-0.01,-0.06,-3.09
2,0.44,-0.58,1.66
2,1.43,-0.61,3.17
2,-1.34,-0.83,-1.75
2,0.17,0,-3.36
2,-0.4,-0.21,-1.2
2,0.91,-0.63,2.63
3,2.33,-2.14,2.04
3,0.14,0.1,-1.22
3,0.41,0.39,-3.54
3,-0.87,-0.73,-2.12
3,0.17,-0.73,2.36
3,1.35,-0.24,2.55
3,-0.45,0.38,-2.35
3,0.82,-1.29,-2.97
3,-0.2,-0.08,-1.1
3,0.49,-0.81,3.13
4,-0.04,-1.75,1.31
4,1.38,-0.54,-1.59
4,0.01,-0.89,-4.03
4,-0.23,-0.98,-0.68
4,0.12,-0.95,3.19
4,-0.24,0.97,1.25
4,0.08,0.4,-1.1
4,0.06,-0.38,-3.98
4,-0.47,-0.66,-0.24
5,0.38,-0.93,2.27
5,1.45,-0.76,1.61
5,0.1,0.25,-2.3
5,0.02,-0.14,-3.53
5,-0.67,-0.92,-0.37
5,0.81,0.02,2.79
5,1.33,0.41,1.05
5,-0.08,0.55,-1.97
5,-0.65,0.44,-3.15
5,0.12,-0.91,1.15
6,-0.38,-0.37,1.3
6,1.43,-1.87,0.71
6,0.16,-0.87,-2.21
6,-0.63,-1.39,-2.79
6,-0.55,-1.17,0.36
6,0.66,-1.24,1.74
6,0.65,0.21,-0.15
6,-0.53,-0.99,-2.3
6,-0.09,-0.72,-2.06
7,-0.52,-0.13,0.69
7,0.08,0.16,2.19
7,0.54,-0.65,0.77
7,-0.48,-0.1,-2.32
7,-0.14,-0.93,-1.79
7,1.29,-1.15,2.2
7,0.02,0.48,1.29
7,0.39,0.17,-0.74
7,-0.01,-0.56,-3.31
7,-0.41,0.07,-1.37
8,-0.01,-0.46,2.31
8,0.6,-0.46,2.2
8,0.19,-0.46,-1.01
8,-0.09,-0.34,-4.04
8,-0.06,-0.77,-1.11
8,-0.28,-0.75,2.37
8,1.3,-0.37,2.2
8,-0.01,0.28,-2.34
8,-0.06,-0.82,-3.63
8,-0.39,-0.47,0.08
9,0.21,-0.28,2.59
9,0.43,-0.5,1.06
9,0.15,-0.58,-2.18
9,-0.17,-0.19,-2.89
9,-0.48,-0.7,-0.72
9,0.58,-0.31,2.6
9,0.55,0.26,1.34
9,-0.85,0.09,-1.56
9,-0.59,-0.22,-4.09
10,-1.08,1.2,-0.97
10,-0.13,0.49,2.78
10,0.22,-0.46,1.38
10,-0.57,0.5,-1.13
10,-1.16,0.08,-3.2
10,-0.24,-0.08,-1.11
10,-0.76,-0.02,1.5
10,1.05,0.5,1.68
10,-0.88,0.24,-1.94
10,-0.74,0.19,-3.7
11,-1.14,0.41,0.46
11,-0.4,0.1,2.53
11,0.5,-0.07,0.96
11,-0.01,0.41,-1.66
11,-0.6,0.38,-3.51
11,-1.33,-0.22,-0.44
11,0.67,0.83,2.8
11,0.95,0.82,1.11
11,-0.33,1.15,-1.74
12,-0.66,0.96,-3.66
12,-0.41,1,0.15
12,-0.34,0.67,1.4
12,2.04,0.49,1.26
12,0.36,1.05,-1.81
12,0.13,1.21,-2.44
12,-0.16,0,-0.76
12,0.43,0.23,1.32
12,-0.39,0.94,0.39
12,0.56,0.74,-1.37
13,-0.23,0.39,-2.51
13,-0.27,-0.63,0.59
13,0.41,-0.7,0.98
13,1.09,-0.24,0.93
13,-0.47,-1.37,-1.81
13,-0.22,-1.04,-2.37
13,-0.18,-0.73,0.85
13,0.18,0.18,1.04
13,-0.14,1.08,0.75
13,0.42,-0.26,-2.11
14,-0.12,-0.48,-3.05
14,-0.56,-0.3,0.43
14,-0.27,-0.29,1.63
14,1.39,-0.72,0.51
14,0.54,-0.62,-1.75
14,0.09,-0.22,-2.76
14,-0.14,-1.08,0.43
14,0.63,-0.81,2.18
14,0.57,-0.05,0.85
15,0.29,-1.02,-2.39
15,0.06,-0.44,-3.21
15,0.05,-0.4,0.53
15,-0.18,-0.68,3.03
15,1.2,-1.16,0.43
15,0.47,-1.69,-3.25
15,-0.45,-0.54,-2.5
15,0.24,-2,1.75
15,0.18,-0.05,1.8
15,0.95,0.57,0.62
16,1.09,-1.21,-2.17
16,-0.15,-0.55,-2.79
16,-0.73,-0.67,0.53
16,1.13,-1.06,3.53
16,0.33,-1.05,-1.12
16,0.12,-1.08,-3.21
16,0.26,-1.58,-1.63
16,-0.08,-0.56,1.14
16,0.29,-0.34,2.31
17,-0.35,-0.27,-0.54
17,0.47,-1.17,-3.36
17,-0.24,-0.83,-1.58
17,-0.34,-1.2,1.77
17,2.14,-1.36,2.33
17,0.21,-0.75,0.21
17,0.4,-0.8,-3.23
17,-0.05,-1.29,-2.39
17,0.69,-0.2,0.86
17,0.39,0.65,2.93
18,-0.25,1.23,-0.21
18,0.11,-0.66,-2.64
18,-0.44,0.15,-1.85
18,-0.64,0.41,0.84
18,-0.53,-0.18,1.18
18,1.86,-0.86,1.84
18,-0.29,-0.19,-2.67
18,-0.36,-0.76,-2.53
18,0,-1.56,0.46
19,-0.33,-0.9,1.95
19,0.26,0.17,0.43
19,0.58,-0.85,-1.9
19,-0.39,-0.96,-2.8
19,-0.96,-1.16,0.07
19,0.01,-0.95,1.68
19,1.41,-1.37,0.93
19,0.52,-0.51,-1.42
19,0.82,-0.87,-2.02
19,1.38,-0.47,0.33
20,0.49,0.28,1.75
20,-0.01,0.71,0.47
20,0.28,-1.08,-3.14
20,-0.25,-0.56,-3.05
20,-0.35,-0.25,1.11
20,-0.12,-0.51,0.26
20,2.59,-0.98,0
20,0.65,-0.38,-1.73
20,0.78,-0.72,-2.46
20,0.49,-0.81,-1.06
21,0.98,-0.36,0.86
21,-0.45,1.14,2.96
21,-0.13,-0.1,-0.51
21,0.22,-0.48,-0.76
21,-1.15,-0.95,-2.15
21,-1.17,-1.01,0.16
21,1.64,-0.07,2.58
21,-0.59,0.19,0.19
21,-0.71,0.62,-2.65
22,0.01,-0.03,-0.75
22,0.87,0.52,1.27
22,0.29,0.76,1.1
22,0.69,1.05,-0.83
22,-0.17,0.29,-2.22
22,-0.94,0.03,-1.42
22,-0.33,-0.13,0.68
22,-0.6,-0.19,-1.14
22,1.25,0.06,1.27
22,0.24,0.04,-1.65
23,-0.91,-0.02,-3.37
23,-0.17,-0.21,1.95
23,-0.17,0.13,1.14
23,1.03,-0.08,-1.09
23,0.92,0.05,-2.02
23,-0.28,0.64,-3.7
23,0.02,-0.75,0.75
23,-1.12,0.02,0.44
23,1.69,-0.38,1.55
24,-1.26,-0.4,-2.57
24,-0.37,-0.73,-2.7
24,0.17,0.16,0.09
24,0.96,-1.55,1.64
24,0.72,-1.07,0.54
24,0.25,-0.71,-3.03
24,-0.53,0.97,-2.71
24,-0.49,-1.2,0.71
24,0.18,-0.88,1.56
24,1.42,-1.47,1.25
25,-0.53,-0.12,-4.15
25,-0.63,0.31,-2.51
25,-0.04,-0.86,1.93
25,1.21,-0.38,1.64
25,0.37,0.21,-1.1
25,0.77,-0.57,-2.78
25,-1.07,0.65,-2.53
25,0.32,-1.07,1.57
25,0.66,-1.4,1.56
25,0.73,-0.65,-0.68
26,-0.13,-0.81,-3.2
26,-0.21,-0.16,-1.97
26,0.79,-0.48,1.62
26,2.02,-0.19,2.84
26,0.42,1.6,-0.2
26,0.3,-0.21,-3.5
26,0.53,-0.11,-0.61
26,1.18,-0.44,-0.07
26,2.66,-0.96,1.77
27,0.77,-0.34,-0.64
27,0.61,-0.1,-1.59
27,0.46,-1.55,-2.08
27,-0.18,-1.56,0.84
27,1.29,-0.92,1.46
27,-0.16,-0.58,0.52
27,0.28,-0.35,-2.44
27,0.67,-0.41,-1.92
27,0.11,-0.65,-0.19
27,0.72,0.19,1.03
28,2.26,-1.25,1.98
28,-0.06,-0.11,-2.36
28,0.35,-0.88,-2.56
28,0.87,-0.87,0.7
28,0.49,-0.62,2.73
28,0.18,0.56,-0.72
28,0.83,-0.86,-2.1
28,0.34,0.68,-1.28
28,0.24,1.39,0.28
29,1,1.47,1.32
29,2.8,0.75,0.53
29,0.79,1.23,-1.4
29,0.4,0.41,-1.78
29,0.82,0.46,0.3
29,0.99,-0.41,-0.59
29,0.27,2.35,1.64
29,-0.47,-0.02,-2.47
29,-0.66,0.03,-2.32
29,-0.43,-0.68,0.97
30,0.17,0.02,3
30,0.37,-0.38,0.37
30,0.18,-0.55,-2.42
30,-0.36,0.14,-3.14
30,0.23,0.3,0.63
30,0.37,0.17,2.15
30,1.19,1.48,0.32
30,1.16,0.76,-0.88
30,0.21,1.34,-3.59
30,0,0.45,-0.96
31,-0.06,-0.11,2.21
31,1.31,-0.01,2.42
31,1.2,-0.35,-0.99
31,-0.02,0.19,-4.3
31,-0.34,0.12,-2.52
31,-0.07,-0.04,2.11
31,0.92,0.15,2.93
31,0.49,0.47,-0.69
31,0.17,-0.65,-4.06
32,-0.26,0.91,-3.41
32,-0.28,-0.39,1.65
32,0.26,-1.27,2.3
32,1.45,-0.41,0.2
32,0,-0.21,-2.95
32,-0.35,0.35,-3.21
32,-0.62,-0.25,0.69
32,1.37,-0.25,3.09
32,1.55,-0.62,0.75
32,0.03,0.51,-3
33,-0.04,0.31,-3.38
33,-0.5,0.17,1.2
33,0.38,-1.94,2.29
33,2.65,-2.14,1.84
33,-0.25,-0.27,-3.34
33,0.25,0.36,-3.78
33,-0.98,0.21,0.07
33,0.91,-0.68,3.61
33,1.55,-1.2,2.69
34,-0.42,1.11,-4.12
34,-0.3,0.27,-4.18
34,0.18,0.09,0.24
34,1.52,-1.89,2.74
34,2.26,-1.93,2.54
34,0.68,0.51,-1.73
34,-0.45,0.25,-4.69
34,0.06,-0.88,1.33
34,1,0.2,2.17
34,1.45,0.98,2.09
35,0.4,1.25,-1.66
35,0.34,-0.2,-4.71
35,-0.02,-0.07,0.43
35,0.23,-1.36,2.09
35,3.54,-1.41,2.02
35,0.51,-0.09,-1.68
35,-0.51,-0.05,-4.38
35,-0.66,-0.58,-1.04
35,0.76,-0.7,2.06
36,3.44,-0.29,3.36
36,0.5,0.73,-2.29
36,-0.57,-0.22,-4.4
36,-0.42,0.59,0.17
36,-0.64,-0.59,1.8
36,0.66,-0.71,1.51
36,1.1,-0.5,-0.31
36,-0.68,0.08,-3.45
36,-1.27,-0.01,-2.78
36,-0.02,-0.23,3.34
37,1.25,-0.19,1.74
37,0.98,-0.18,-0.02
37,0,0.66,-2.58
37,-0.85,0.83,-3.15
37,-0.13,0.05,1.27
37,0.62,-1.22,1.41
37,1.83,-1.42,1.68
37,-0.84,0.17,-4.29
37,-0.56,0.27,-3.45
37,0.86,-0.24,2.35
38,0.46,-0.54,0.92
38,0.31,-0.34,0.62
38,-0.28,-0.15,-3.97
38,-0.35,0.46,-2.52
38,-0.9,-0.97,1.69
38,1.34,-0.91,2.17
38,2.79,-0.68,2.29
38,-0.46,0.47,-3.73
38,-0.82,0.78,-3.44
39,0.06,-0.52,2.39
39,0.73,0.31,2.29
39,0.76,0.12,-0.49
39,0.17,0.48,-2.78
39,-1.32,0.66,-3.87
39,-0.07,-0.36,1.17
39,0.86,-1.39,2.65
39,1.23,-0.82,0.62
39,-0.77,-0.98,-3.42
39,-0.86,-0.09,-3.53
40,-1.21,-0.07,1.35
40,0.84,0.29,2.05
40,1.85,-0.53,1.7
40,0.55,0.54,-2.11
40,-1.57,0.48,-4.74
40,0,1.24,1.66
40,-0.37,-1.12,1.45
40,2.34,-1.78,2.37
40,-0.29,-0.04,-1.8
41,-0.54,0.31,-3.64
41,-1.47,0.24,-1.58
41,0.31,0.7,2.19
41,3.42,-0.57,2.8
41,0.3,-0.03,-1.17
41,0.19,-1.22,-5.12
41,-1.49,0.99,-1.49
41,-0.34,-0.63,3.28
41,0.46,-0.92,1.88
41,1.4,-1.1,0.01
42,-0.27,-0.23,-4.1
42,-1.03,0.36,-2.47
42,0.02,0.28,1.19
42,1.27,-0.56,2.67
42,0.33,0.2,0.51
42,-0.72,-0.48,-4.13
42,-1.31,1.04,-2.69
42,0.25,-0.29,1.62
42,-0.27,-0.93,2.2
42,0.75,-0.65,0.76
43,-0.74,0.27,-2.97
43,-0.86,0.61,-3.73
43,0,0.06,1.41
43,0.53,0.37,1.12
43,0.97,-0.31,2.27
43,-1.28,0.44,-3.22
43,-2.14,1.14,-3.62
43,0.54,-1.01,0.93
43,1.06,-0.49,2.71
44,0.68,-0.52,0.55
44,-1.36,-0.1,-4.16
44,-1.56,0.47,-3.12
44,0.64,-0.83,3.24
44,1.05,-0.86,2.05
44,-0.55,1.4,-0.89
44,-1.44,0.22,-3.42
44,-1.1,0.87,-1.67
44,0.91,-1.7,1.86
44,1.11,-0.48,1.9
45,0.64,-0.43,-0.62
45,-0.93,0.65,-4.52
45,-0.87,0.36,-1.83
45,1.27,-0.34,2.41
45,2.51,-0.2,2.1
45,0.09,0.77,-1.86
45,-1.38,1.16,-3.66
45,0.06,0.22,0.65
45,0.17,-0.96,2.07
46,1.43,-1.29,1.41
46,-0.3,0.45,-3.06
46,-1.25,0.67,-4.26
46,-1.02,0.41,1.04
46,0.36,-0.33,1.92
46,1.98,-0.51,0.91
46,0.09,0.29,-2.71
46,-1.35,0.7,-4.19
46,-0.68,-1.28,1.16
46,1.02,-0.21,2.97
47,2.23,-1.64,2.26
47,-0.34,0.78,-2.5
47,-1.58,0.97,-4.45
47,-1.15,0.28,0.12
47,1.18,0.52,3.33
47,0.26,-0.59,0.49
47,-0.36,0.41,-3.33
47,-0.99,1.46,-2.15
47,-1,-0.28,-0.62
48,0.61,-1.47,1.69
48,1.77,-1.63,1.68
48,-1.05,0.45,-3.46
48,-1.32,0.83,-3.47
48,-0.64,0.9,2
48,0.93,-0.51,2.67
48,0.47,-0.44,-0.13
48,-0.35,0.13,-3.23
48,-0.44,-0.03,-2.83
48,-0.45,0.06,0.5
49,0.37,-0.77,2.35
49,1.21,-0.67,-0.04
49,-0.89,0.71,-2.48
49,-0.9,0.72,-3.23
49,-0.34,-0.15,1.99
49,1.29,0.09,3.28
49,1.45,0.67,-0.06
49,-0.13,0.7,-2.31
49,-1.32,0.78,-3.29
49,-0.38,-0.39,-0.02
50,0.42,-0.84,0.76
50,2.06,-0.88,0.91
50,0.83,0.6,-0.97
50,-0.69,0.85,-3.02
50,-0.96,1.01,-0.57
50,0.75,1.23,1.42
50,1.42,0.07,3.06
50,1.66,1.06,-0.54
50,-0.28,-0.01,-3.02
51,-0.75,-0.49,-2.63
51,0.31,-0.67,0.76
51,2.23,-0.51,1.24
51,0.47,-0.11,-0.29
51,-0.73,0.7,-3.25
51,-0.23,0.81,-2.48
51,0.75,1.06,0.82
51,2.68,0,2.25
51,0.89,-0.58,0.27
51,-1.01,0.22,-2.76
52,0.13,0.86,-1.09
52,-0.05,-1.98,-2.02
52,-2.17,0.39,1.13
52,2.11,-2.04,1.63
52,0.07,0.02,-2.44
52,-0.93,1.17,-2.77
52,-0.46,1.27,0.81
52,1.16,-0.01,1.61
52,1.16,-0.31,-0.27
53,1.17,0.05,-1.17
53,-1.4,0.34,-2.5
53,-0.12,-0.05,0.3
53,1.01,-1.28,1.12
53,2.26,-1.44,1.6
53,0.13,0.21,-2.66
53,-0.12,1.55,-2.4
53,-0.91,0.58,-0.19
53,-0.44,0.84,-0.03
53,1.88,0.03,0.61
54,0.69,0.02,-0.09
54,0.65,-0.35,-2.53
54,0.71,-0.75,-0.4
54,1.36,-1.49,1.8
54,0.15,0.96,-1.44
54,-1.05,0.68,-3.62
54,-0.64,1.54,0.34
54,0.39,0,2.54
54,4.03,-0.89,4.14
54,0.88,-1.32,-1.34
55,1.04,-0.17,-1.96
55,0.28,-0.23,-2.86
55,-1.13,0.63,-1.41
55,-0.39,-0.42,0.16
55,0.73,-1.08,1.15
55,1.22,-3.31,0.82
55,-0.37,-0.41,-2.97
55,-1.23,0.54,-2.47
55,-0.45,0.11,-0.17
56,-0.25,0.48,1.43
56,-0.3,-0.9,0.29
56,0.72,1.03,0.09
56,-1.82,-0.32,-4.07
56,-1.37,0.16,-0.4
56,-0.23,-1.46,0.66
56,3.52,-2.46,2.95
56,-0.63,-0.77,-0.64
56,-0.99,-0.7,-3.06
56,-1.53,0.12,-2.34
57,0.84,-0.57,2.56
57,1.57,-1.09,3.07
57,0.51,0.68,-0.25
57,-0.37,-0.18,-3.62
57,-0.55,0.14,-2.25
57,-0.03,-0.46,0.23
57,1.91,-0.72,1.75
57,-0.02,0.4,-0.24
57,-0.8,-0.17,-3.48
58,-0.84,-0.05,-2.8
58,0.65,0.33,1.67
58,2.19,0.44,3.5
58,0.57,0.92,-0.5
58,-0.3,0.68,-3.66
58,-0.29,-0.64,-1.94
58,0.75,-0.59,1.56
58,1.51,-0.87,0.99
58,1.02,-0.43,-0.32
58,-1.75,0.5,-4.07
59,-0.68,-0.48,-0.78
59,1.1,0.7,1.94
59,0.24,0.34,-0.07
59,0.35,0.43,-1.26
59,-1.21,0.79,-3.48
59,-0.26,0.18,1.02
59,0.72,-0.56,1.06
59,2.54,-0.5,1.18
59,-0.46,0.37,-1.9
59,-0.17,0.27,-2.9
60,0.03,-0.05,-0.77
60,-0.13,0.34,1.17
60,2.39,1.52,1.81
60,1.94,0.36,-0.14
60,-0.32,0.7,-3.53
60,-0.03,0.43,0.18
60,0.73,-0.71,1.15
60,1.89,0.25,-0.22
60,1.08,0.92,-0.48
61,-0.48,0.54,-2.72
61,0.01,-0.01,-1.24
61,0.62,0.88,1.75
61,1.94,0.95,1.66
61,0.18,2,-2
61,1.47,1.26,-1.78
61,0.47,1.07,-1.37
61,0.46,0.56,0.24
61,1.03,1.35,1.65
61,1.48,-0.06,-0.16
62,0.24,0.14,-2.6
62,-0.37,0.07,-1.63
62,0.24,0.6,0.73
62,0.13,0.88,1.95
62,0.88,0.14,-0.32
62,0.1,0.62,-1.77
62,-0.47,0.82,-2.15
62,0.48,0.23,0.1
62,0.49,0.38,2.46
63,1.36,-0.8,-0.37
63,-0.14,0.19,-2.26
63,0.18,-0.24,-2.55
63,-0.03,0.26,0.22
63,-0.2,0.19,1.62
63,0.51,1.31,-0.21
63,0.16,0.57,-2.69
63,-0.6,0.9,-1.99
63,0.59,0.03,0.98
63,1.46,-0.22,1.36
64,1.11,-0.22,-0.1
64,-0.38,0.24,-1.72
64,-0.35,0.15,-1.51
64,0.93,0.23,1.57
64,0.86,1.02,2.07
64,0.13,0.7,-0.67
64,0.03,0.07,-3.35
64,-0.07,0.39,-0.86
64,0.65,-0.03,1.55
65,0.95,-0.39,1.25
65,0.27,0.22,-1.55
65,0.11,-0.31,-2.3
65,0.4,-0.66,-0.81
65,-0.1,-0.12,0.79
65,1.41,0.51,0.94
65,-0.23,0.46,-1.2
65,-0.37,0.02,-2.35
65,0.16,-0.07,0.33
65,-0.28,0.29,-0.14
66,1.45,0.05,1.49
66,0.96,-0.07,-1.09
66,-0.27,0.24,-1.94
66,0.14,-0.63,-1.13
66,1.31,1.37,1.27
66,0.36,0.85,0.01
66,0.24,0.2,-1.08
66,-0.13,0.61,-2.13
66,0.99,0.15,0.08
66,0.45,0.16,1.1
67,0.42,-0.02,-0.49
67,-0.04,0.18,-2.31
67,0.32,-0.06,-1.83
67,0.79,0.01,0.94
67,0.76,0.4,1.8
67,0.3,0.38,-0.67
67,-0.33,0.15,-2.31
67,-0.59,0.31,-1.21
67,0.32,0.12,0.83
68,1.61,0.09,1.59
68,0.77,-0.16,-0.9
68,-0.67,0.19,-2.44
68,-0.25,-0.38,-1.46
68,0.57,-0.09,2.16
68,1.3,0.92,1.6
68,0.24,0.61,-1.08
68,-0.45,0.01,-3.14
68,-0.35,0.46,-0.49
68,0.43,-0.02,0.92
69,0.67,-0.02,1.36
69,0.34,-0.05,-1.2
69,-0.34,-0.05,-3.03
69,-0.18,-0.6,-1.33
69,0.64,0.06,1.97
69,0.55,0.42,0.54
69,-0.09,0.75,-0.38
69,-0.14,-0.02,-3.17
69,-0.12,0.29,-1.22
70,0.47,0.07,1.54
70,0.73,0.1,1.72
70,0.52,-0.06,-1.31
70,-0.37,-0.07,-3.23
70,0.02,-0.36,-0.57
70,0.32,0.29,1.67
70,0.47,0.68,0.86
70,-0.07,0.78,-0.71
70,-0.1,0.07,-3.07
70,-0.41,0.3,0.23
71,0.33,0.12,1.74
71,0.96,0,0.76
71,0.24,0.09,-1.59
71,-0.66,0.01,-3.32
71,-0.15,-0.37,0.3
71,-0.07,0.16,1.9
71,0.37,0.42,0.45
71,-0.36,0.46,-2.05
71,-0.22,0.31,-2.71
71,0.03,0.63,1.28
72,0.68,-0.1,1.68
72,1.11,-0.04,-0.02
72,-0.21,0.1,-2.53
72,-0.92,-0.39,-3.04
72,-0.21,0.07,0.6
72,0.16,0.25,1.93
72,0.58,0.28,0.34
72,-0.08,0.68,-0.86
72,0,0.48,-3.14
73,0.6,0.22,-0.13
73,0.2,-0.11,1.34
73,0.77,-0.15,0.93
73,0.36,-0.22,-1.72
73,-0.24,0.36,-2.25
73,-0.02,-0.23,0.53
73,0.2,0.14,1.48
73,0.83,0.8,0.5
73,0.47,0.58,-1.9
73,0.04,0.46,-2.25
74,0.2,0.56,0.03
74,0.52,-0.3,1.23
74,0.73,0.24,0.78
74,0.16,-0.07,-1.53
74,0.28,0.05,-2.07
74,0.7,-0.12,-0.74
74,1.52,-0.25,1.2
74,0.97,0.63,-0.04
74,1.13,0.41,0.04
75,1.41,0.15,-1.57
75,1.19,0.45,-0.47
75,1.46,-0.51,0.08
75,0.71,0.05,-0.89
75,0.83,-0.31,-0.66
75,0.02,0.27,-1.42
75,0.74,-0.03,0.04
75,0.35,0.09,-0.23
75,0.36,0.08,-0.06
75,0.12,-0.05,-0.64
76,-0.17,0.06,-0.26
76,-0.02,-0.09,-0.34
76,-0.14,0.1,-0.36
76,-0.02,-0.04,-0.51
76,-0.25,-0.06,-0.41
76,-0.29,-0.03,-0.31
76,-0.04,0,-0.34
76,-0.18,-0.07,-0.52
76,-0.19,-0.01,-0.38
76,-0.15,0.02,-0.32
77,-0.16,0.07,-0.38
77,-0.06,0.07,-0.41
77,-0.23,0.05,-0.3
77,-0.13,0.03,-0.53
77,-0.17,0.08,-0.46
77,-0.1,0.03,-0.44
77,-0.16,0.13,-0.35
77,-0.1,0.06,-0.42
77,-0.14,-0.05,-0.3
78,-0.03,-0.06,-0.46
78,-0.11,0,-0.4
78,-0.08,0,-0.32
78,-0.04,-0.07,-0.58
78,-0.11,0,-0.45
78,-0.14,0.03,-0.26
78,-0.11,0.02,-0.33
78,0,-0.05,-0.48
78,-0.12,0,-0.4
78,-0.07,0,-0.31
79,-0.08,-0.04,-0.43
79,-0.07,-0.02,-0.39
79,-0.07,-0.01,-0.43
79,-0.01,-0.24,-0.8
79,-0.12,0.18,-0.15