timestamp (ms),acc-x (m/s^2),acc-y (m/s^2),acc-z (m/s^2)
69587,-0.31,0.16,-0.24
69692,-0.25,0.1,-0.18
69796,-0.2,-0.21,0.05
69901,0.08,0.17,-0.04
70006,-0.27,0.32,0.48
70111,0,-0.53,-0.11
70215,0.2,0.2,-0.37
70320,0.31,-1.31,-1.67
70424,-0.3,-1.11,-0.62
70528,-1.1,-2.99,-1.5
70632,0.56,1.11,1.43
70736,-0.22,0.64,-0.44
70840,0.48,0.25,0.33
70944,-0.25,-0.71,0
71049,-0.11,-0.27,-0.33
71154,-0.8,-1.18,0.72
71259,2.26,0.45,-2.52
71363,-0.08,-0.07,-0.5
71468,-0.12,-0.01,-0.23
71572,0.01,0.75,-0.25
71676,-0.32,0.48,-0.11
71781,-0.38,0.19,-0.07
71884,0.2,0,-0.26
71989,0.07,-0.2,-0.1
72092,0.31,-0.28,-0.29
72197,0.32,-0.89,0.08
72301,0.29,-0.81,-0.51
72406,-0.3,-0.86,0.3
72510,-0.67,-0.9,0.28
72615,-0.12,-1.07,-0.83
72719,-0.66,-1.26,0.02
72824,-0.17,-0.89,0.72
72929,0.24,-0.61,-0.1
73033,0.05,0.11,0.12
73137,-0.07,-0.11,-1.09
73241,-0.06,-0.73,-1.7
73345,-0.04,-0.83,-0.44
73449,0.04,-0.37,0.82
73553,-0.15,0.3,0.35
73659,-1.19,0.11,0.39
73763,-0.97,-0.02,-1.19
73868,-1.04,-0.71,-2.11
73972,-0.42,-0.34,-0.09
74077,-0.17,-0.1,1.39
74182,0.19,0.12,0.74
74286,-0.49,0.23,-0.04
74390,-0.35,-0.38,-1.91
74493,0.25,-0.2,-1.6
74598,0.05,0.72,2.02
74702,-0.2,0.48,0.64
74806,-0.25,1,0.2
74911,-0.28,-0.17,-2.18
75016,-0.65,-0.85,-0.83
75120,-0.56,-0.24,0.59
75225,0.69,0.09,1.67
75329,0.02,0.86,1.93
75435,-0.24,0.66,-2.82
75539,0.21,0.19,-2.45
75642,-0.11,0.13,0.87
75747,-0.38,0.85,1.75
75850,-1.2,0.4,0.34
75956,-0.3,0.31,-1.88
76059,-0.82,-0.29,-2.42
76165,-0.64,-0.12,0.7
76268,0.52,0.65,1.6
76374,0.81,0.82,0.05
76478,-0.2,0.52,-1.48
76582,0.12,-0.11,-1.9
76688,-0.11,-0.36,0.28
76792,-0.26,0.87,2.32
76896,-0.19,0.45,1.24
77000,-0.72,0,-1.71
77104,-0.57,-0.65,-2.45
77208,-0.6,-0.27,0.39
77312,-0.07,0.72,2.47
77417,-0.11,0.8,1.18
77521,-0.44,0.29,-0.65
77626,-0.66,0.2,-2.59
77730,-0.1,0.15,-0.76
77836,0.14,0.89,2.61
77940,-0.09,0.31,0
78045,-1.13,-0.06,-0.14
78149,-0.61,-0.41,-3.04
78253,-0.67,-0.2,0.29
78357,0.07,0.58,2.16
78461,0.1,-0.31,0.35
78565,-0.27,0.44,-0.2
78670,-0.53,-0.28,-2.68
78775,-0.1,-0.06,-0.5
78879,0.06,0.7,2.98
78984,0.47,1.22,1.48
79088,-1.07,-0.07,-1.72
79194,-0.34,-0.54,-2.37
79298,-0.62,0.03,0.87
79401,0.69,1.62,2.47
79506,-0.16,1.12,2.55
79610,-0.24,0.19,-3.31
79714,-0.07,0.23,-1.96
79818,0.5,0.4,0.55
79923,-0.23,0.8,1.6
80027,-1.42,0.59,0.78
80132,-0.42,0.43,-1.79
80236,-1.25,-0.18,-2.27
80342,-0.09,0.69,1.42
80446,-0.06,0.52,1.53
80550,-0.49,0.39,-0.05
80654,-0.35,0.4,-1.91
80758,-0.09,0.07,-0.77
80863,-0.08,0.32,0.1
80966,-0.61,0.36,1.34
81071,-1.43,0.2,1.06
81175,-1.05,0.02,-1.24
81280,-0.84,-0.38,-2.24
81385,-0.6,0.42,1.19
81489,0.62,0.86,0.7
81594,0.32,1.15,2.89
81698,0.44,1.12,-0.98
81803,-0.12,0.11,-1.58
81907,0.69,0.22,-0.47
82011,0.85,1.3,0.31
82115,-0.03,0.83,2.31
82219,-0.1,0.45,-0.43
82323,-0.33,0.36,-2
82427,0.16,-0.1,-0.62
82532,-0.12,1.02,1.16
82637,-0.92,0.43,1.65
82742,0.23,0.83,-0.12
82846,0.52,0.87,-1.07
82952,0.68,0.79,-0.84
83055,0.35,0.47,-0.11
83160,0.16,0.5,0.18
83263,-0.74,1.03,0.44
83367,-1.57,0.23,-0.32
83472,-0.7,0.05,-1.08
83576,-1.08,-0.28,-0.86
83681,-0.94,-0.78,-0.16
83785,-0.68,-0.46,0.54
83890,-0.48,0.02,1.39
83994,-0.27,0.02,-0.33
84100,-0.55,0.08,-0.27
84205,-0.26,0.33,-1.71
84308,-0.32,0.15,-0.64
84413,-0.52,-0.1,1.18
84516,-0.51,0.51,1.38
84621,-1.05,0.37,-0.65
84724,-0.79,0.57,-1.49
84829,-0.55,0.03,-1.35
84934,-0.35,0,0.4
85038,0.79,0.37,1.12
85143,1.16,1.59,1.3
85248,-0.13,0.36,-0.88
85352,0.4,0.02,-2.02
85457,0.29,0.01,-0.3
85561,0.39,0.86,2.51
85665,0.47,1.1,1.5
85769,-0.22,0.72,-1.07
85873,0,0.02,-1.58
85978,0.13,-0.02,-1.15
86082,0.22,0.24,0.8
86187,0.86,0.08,1.66
86291,1.6,0.46,-0.47
86396,1.06,0.58,-0.74
86500,1.62,0.22,-1.25
86605,1.38,0.14,0.14
86710,1.48,0.53,1.43
86814,0.49,0.52,-0.75
86918,0.7,0.34,-0.48
87022,0.24,0.07,-1.67
87127,0.55,-0.18,-0.4
87230,1.1,0.41,1.24
87334,0.21,1.12,1.64
87439,1.51,0.2,-0.16
87543,0.54,0.4,-1.71
87649,0.43,0.34,-0.83
87752,0.42,0.28,0.8
87858,0.11,0.74,1.86
87963,-0.15,0.94,0.02
88067,-0.38,0.83,-1.36
88171,-0.89,-0.08,-2.33
88274,-0.6,-0.16,0.37
88379,0,0.4,1.73
88483,0.39,1.2,1.42
88587,-1.29,0.6,-0.43
88692,-0.45,0.35,-1.87
88797,-0.09,0.8,-0.78
88901,-0.36,1.77,1.31
89006,-1.1,1.6,2.67
89110,-2.15,0.88,-0.17
89216,-1.26,0.96,-1.64
89320,-1.66,0.22,-0.27
89423,-1.34,0.3,0
89528,-0.45,0.21,0.19
89632,0.72,1.03,0.55
89736,-0.61,0.47,-0.55
89840,-0.69,-0.17,-1.59
89945,-0.02,0.03,-1.62
90049,-0.65,-0.06,1.28
90153,-0.57,0.57,2.08
90259,-1.33,0.98,0.54
90363,-0.67,1.01,-0.98
90468,-0.88,0.7,-1.79
90572,-0.61,0.27,0.05
90677,0.49,1.31,0.69
90780,1.19,2.2,2.33
90885,0.17,0.84,-0.96
90988,0.05,0.7,-2.61
91092,-0.14,0.4,-1.89
91197,0.16,-0.14,-0.51
91301,0.13,0.17,0.48
91407,-0.14,0.72,-1.21
91511,0.01,0.32,0.68
91616,-0.67,0.4,-0.93
91721,-0.42,-0.01,-0.09
91825,1.14,-0.24,-0.99
91929,-0.76,0.05,1.88
92033,0.44,0.36,-1.5
92137,-1.26,-0.75,0.03
92241,0,-0.74,0.03
92345,-0.24,-0.6,1.29
92450,-0.77,0,-0.51
92554,-0.05,-0.82,2.14
92659,0.52,-0.47,0.23
92764,0.28,-0.71,-0.99
92868,-0.02,-1.06,-1.71
92974,0.37,1.3,2.87
93077,-0.2,1.14,1.93
93181,0,0.2,-2.67
93285,-0.42,-0.44,-2.83
93389,-0.46,-0.34,0.86
93494,0.54,0.33,3.19
93597,1.16,0.45,0.55
93703,-0.06,0.3,-0.99
93807,-0.27,0.42,-2.5
93912,0.25,-0.26,-1.02
94017,0.4,-0.01,2.16
94121,0.23,0.63,2.02
94226,-0.4,0.44,-0.52
94330,-0.04,0.05,-2.74
94434,-0.27,-0.45,-0.84
94538,0.04,-0.3,1.79
94643,1.41,0.62,0.4
94746,1.75,0.98,1.77
94851,0.68,0.29,-1.85
94955,0.93,-0.07,-2.12
95060,0.8,-0.18,-0.6
95165,1.32,0.47,2.63
95269,1.21,0.67,0.42
95374,0.12,0.34,-0.85
95479,0.38,-0.1,-1.98
95583,0.74,-0.3,-1.28
95687,0.67,0.31,1.88
95792,1.38,0.3,2.11
95895,1.71,-0.3,-1.53
96000,0.84,-0.19,-1.89
96103,1.3,0.06,-0.15
96208,0.8,-0.02,0.82
96313,-0.12,0.37,2.27
96418,-0.48,0.58,-0.33
96523,-0.13,0.43,-1.57
96627,-0.66,-0.24,-1.36
96732,-0.48,-0.12,0.1
96836,0.67,0.47,1.67
96941,1.09,0.96,0.85
97044,0.42,0.45,-1.04
97148,-0.15,0.02,-1.93
97253,0.53,-0.12,-0.67
97356,0.39,0.42,2.08
97462,0.33,0.86,1.6
97565,-0.84,0.48,-0.92
97671,-0.36,0.06,-1.56
97775,-0.38,-0.04,-1.76
97880,-0.32,-0.15,0.66
97985,0.58,0.43,0.98
98088,0.34,0.49,0.47
98193,0.22,-0.03,-1.21
98297,-0.03,0.4,-1.32
98401,0.9,0.8,-0.11
98505,0.44,1.07,1.26
98609,0.16,1.43,1.04
98714,-0.55,0.69,-0.36
98819,-0.28,0.36,-2.14
98923,-0.29,0.47,-0.72
99028,-0.05,0.22,0.83
99132,0.03,0.44,0.74
99237,0.85,1.2,0.44
99342,-0.24,0.74,-1.07
99445,0.27,0.46,-1.04
99550,0.53,-0.18,-0.33
99653,0.79,0.35,2
99758,0.07,1.09,1.73
99862,-1.28,0.49,-0.24
99966,-0.55,0.36,-1.61
100071,-1.12,-0.5,-1.01
100175,-0.28,-0.37,0.19
100281,0.72,0.25,0.92
100385,0.9,0.81,1.66
100491,-0.34,0.58,-0.32
100594,0,0.45,-1.38
100699,0.27,0.09,-1.01
100802,0.78,0.35,0.91
100907,0.27,0.64,1.08
101011,0.09,0.91,-0.27
101114,0.44,0.87,-0.68
101220,0.4,0.5,-1.22
101324,0.48,0.05,0.09
101429,1.01,0.62,0.59
101533,1.61,0.91,0.73
101639,0.94,0,-0.42
101744,0.86,-0.46,-1.82
101848,1.24,-0.43,-0.34
101952,0.94,-0.16,0.9
102055,0.61,0.23,0.9
102160,-0.45,0.14,-0.87
102264,-0.37,-0.07,-0.85
102368,-0.69,-0.26,-0.95
102473,-0.24,-0.3,-0.48
102578,-0.38,0.16,1.78
102682,0.23,0.55,0.8
102787,0.2,0.57,0.13
102892,0.25,0.17,-1.71
102996,0.34,0.02,-1.47
103101,0.49,-0.46,-0.11
103204,0.37,0.57,1.5
103309,0.52,1.02,1.56
103413,-0.27,0.11,-1.16
103518,-0.04,-0.22,-2.23
103622,-0.28,0.1,-0.89
103727,-0.18,-0.07,0.72
103831,0.8,0.54,2.56
103937,1.12,0.88,-0.86
104040,0.33,0.35,-1.12
104145,0.64,0.4,-1.44
104250,-0.04,0.27,-0.57
104354,0.71,2.04,0.86
104458,0.64,1.46,1.43
104562,-0.26,0.49,-0.36
104667,-0.19,0.22,-2.83
104771,-0.46,0.75,-1.22
104876,0.15,0.83,1.13
104980,0,0.42,0.04
105084,0.86,0.85,0.58
105190,-0.6,0.24,-0.42
105293,-0.07,0.39,0.14
105399,0.09,0.47,-1.15
105503,0.24,0.76,-0.57
105608,-0.47,0.09,0.51
105711,-0.02,0.65,-0.27
105816,0.25,0.48,1.38
105919,0.65,-0.2,0
106024,-0.12,0.07,-0.16
106128,0.14,0.3,-1.58
106233,0.06,0.1,1.25
106338,-0.07,-0.2,-1.42
106442,-0.04,0.22,0.36
106547,0.52,-0.09,0.78
106652,0.4,-0.11,1.06
106757,-0.01,-0.16,-1.8
106860,0.08,-0.7,-3.03
106964,-0.34,-1.13,0.49
107069,1.12,-0.74,-0.41
107172,1.5,-0.1,-0.43
107277,2.79,0.81,5.83
107381,1.36,0.16,-0.01
107487,1.68,-0.19,-1.69
107591,1.87,0.68,1.22
107696,1.56,1.11,1.87
107800,0.96,0.56,0.28
107905,1.8,0.55,-0.96
108010,0.89,0.41,-1.33
108113,0.78,0.81,0.25
108218,1.45,1.49,0.15
108321,1.1,1.77,3.19
108426,0.83,0.27,-1.31
108530,0.96,-0.08,-2.04
108635,1.05,0.09,-0.14
108740,0.35,1.03,0.37
108845,0.03,0.89,2.64
108949,0.38,0.22,0.01
109053,0.13,-0.53,-2.83
109159,-0.63,-0.44,-2.54
109263,0.2,-0.07,-1
109367,0.52,0.51,-0.48
109471,0.17,-0.13,1.72
109575,-0.12,-0.42,-1.12
109679,0.01,-0.42,-1.69
109784,0.96,0.22,-2.2
109888,0.49,0.86,2.08
109993,0.2,-0.21,-0.84
110097,-0.41,-0.6,-0.5
110202,0,-0.37,-3.19
110307,0.92,0.55,2.23
110411,0.36,-0.06,-1.05
110516,0.09,0.23,-2.1
110620,0.76,0.69,1.86
110724,0.27,0.2,0
110828,-0.15,0.22,-1.84
110932,1.25,1.39,3.32
111037,-0.91,-0.56,-0.45
111141,0.02,-0.56,-1.11
111247,0.25,0.45,-1.13
111350,-0.59,1.08,2.41
111456,-0.52,-0.2,0.62
111560,-0.04,-0.16,-3.44
111665,1.04,0.71,3.06
111769,0.03,-0.42,0.22
111874,0.72,0.06,-1.86
111977,-0.26,0.16,-0.19
112081,-0.19,-0.35,1.2
112185,-0.96,-0.62,-1.34
112289,0.19,0.21,-1.79
112395,1.07,-0.08,1.09
112499,0.63,-0.4,0.41
112604,1.54,-0.38,-2.26
112709,1.1,-0.12,1.18
112813,1.25,-0.86,-0.56
112918,0.31,-0.69,0.88
113022,0.83,-0.12,1.38
113126,3.18,0.41,3.77
113230,1.58,0,-0.79
113334,2.47,-0.53,0
113438,2.36,0.39,1.06
113543,0.97,1.16,1.03
113648,1.23,1.73,1.4
113753,1.27,0.99,-1.15
113857,1.31,0.76,-1.35
113963,0.67,0.4,-0.89
114066,0.27,0.54,1.17
114171,0.58,0.98,1.16
114275,0.81,0.77,0.2
114379,0.48,0.74,-1.32
114484,1.47,0.62,-1.88
114587,-0.09,-0.14,-2.37
114692,0.25,-0.24,-0.28
114796,0.24,-0.37,-1.27
114900,1.41,1.19,1.86
115006,-1.07,0,2.16
115110,0.02,-0.16,-1.93
115215,-0.78,-0.22,-0.54
115319,-0.07,-0.04,-1.13
115425,0.09,0.17,0.15
115528,0.24,0.09,1.16
115633,0.09,-0.06,-1.28
115737,0.3,0.61,-1.08
115841,-0.21,0.52,0.72
115945,-0.08,-0.06,-0.3
116049,-0.21,-0.19,-2.3
116154,0.88,0.79,-0.11
116259,0.6,0.98,2.87
116363,-0.73,-0.31,-0.79
116468,0.35,0.77,-1.55
116573,-0.22,0.44,-0.44
116677,-0.19,-0.15,1.43
116782,-0.27,0.1,-1.12
116886,0.48,1.06,0.74
116989,0.93,0.33,0.7
117094,-0.25,-0.31,-1.12
117197,0.39,-0.24,-0.6
117302,-0.16,0.33,0.27
117407,0.2,0.28,0.86
117512,-0.55,-0.37,-1.14
117616,-0.23,-0.25,-1.81
117722,0.62,0.69,0.98
117825,-0.06,-0.03,0.43
117931,-0.48,-0.39,-1.12
118035,0.02,0.1,-1.26
118138,0.38,0.85,1.34
118243,-0.22,-0.08,0.99
118347,-0.6,-0.71,-1.97
118451,0.22,-0.15,2.07
118555,0.73,-0.56,0.23
118661,0.8,-1.31,0.61
118765,-0.1,-1.19,0.7
118870,0.32,-0.12,-0.66
118975,-0.53,0.14,4.04
119078,-1.39,-0.63,-2.01
119184,-0.48,-0.77,-2.89
119288,-0.5,1.11,1.88
119392,0.29,1.35,2.38
119496,-0.24,1.2,1.64
119601,-0.98,0.15,-2.93
119704,-0.05,0.44,-2.09
119809,-0.33,0.42,0.79
119913,-0.55,1.04,1.78
120018,-0.93,1.21,1.15
120123,-1.68,0.74,-0.5
120227,-0.45,-0.25,-1.91
120332,-0.63,-0.17,-0.37
120437,0.36,0.7,0.18
120541,-0.9,0.28,1.16
120645,2.15,1.32,0.47
120750,0.78,0.75,-0.18
120853,0.18,-0.31,-0.96
120957,0.96,-0.28,-1.08
121061,0.83,0.16,0.73
121166,-0.06,1.3,1.38
121271,0.59,1.14,-1.04
121375,-0.63,0.27,-0.43
121481,-1.1,0.05,0.35
121585,-0.65,-0.31,-0.84
121690,-0.54,-0.6,-0.66
121794,-0.36,0.09,0.94
121897,-0.7,0.08,0.55
122002,-0.47,0.17,1.15
122106,-0.83,-0.5,-0.45
122210,-0.55,-0.36,-1.44
122314,-0.73,-0.11,-0.97
122420,-0.8,-0.14,0.08
122524,-1.19,0.32,1.52
122629,-0.71,0.42,1.33
122734,-0.55,0.77,-0.11
122838,-1.16,0.35,-2.18
122943,-1.6,-0.07,-0.87
123047,-0.47,0.54,0.13
123151,-0.54,-0.64,2.09
123256,0.96,1.03,0.66
123361,-0.55,0.49,-1.65
123464,-0.95,-0.7,-2.92
123569,-0.49,-0.35,-0.04
123673,0.35,0.93,2.98
123778,-0.11,0.84,1.5
123883,-0.84,0.5,-0.88
123987,-1.27,-0.88,-3.24
124092,-0.82,-0.7,0.18
124197,0.56,0.63,2.17
124302,0.84,1.11,1.38
124405,-1.04,0.48,-0.76
124510,-1.05,-0.33,-3.2
124614,-0.27,-0.35,-0.26
124718,-0.06,1.01,3.22
124822,-0.26,0.87,2.06
124928,-1.72,0.34,-2.19
125031,-1.17,-0.35,-2.89
125136,-0.54,-0.2,1.23
125241,0.01,-0.27,2.74
125345,-0.25,0.27,1.15
125451,0.46,0.59,-1.07
125554,-0.71,-0.68,-3.36
125659,-0.44,-0.26,0.45
125763,0.19,0.22,2.71
125868,0.35,0.88,2.48
125971,-1.66,0.29,-0.89
126075,-0.47,0.13,-2.01
126180,-0.7,-0.08,-1.22
126284,-0.04,0.31,2.44
126390,0,0.16,0.63
126494,0.27,0.21,-0.2
126599,-1.42,-0.79,-4.12
126704,-0.65,-0.52,-0.93
126808,-0.45,0.08,3.48
126912,-0.01,1.63,3.35
127016,-0.86,0.51,-1.07
127120,-0.81,-0.63,-3.53
127224,-1.55,-0.46,-2.17
127329,-0.63,0.05,2.45
127433,-0.19,0.4,3.04
127538,-0.5,-0.19,-0.78
127643,-0.72,-0.48,-4.69
127748,-0.5,-0.52,-0.06
127852,0.35,-0.1,2.39
127958,0.26,0.17,0.74
128061,-0.64,0.47,0
128165,-0.23,-0.2,-3.6
128270,-0.68,-0.24,-1.83
128373,-0.86,-0.27,0.99
128478,0.19,0.37,3.91
128581,-0.09,-0.12,-0.74
128687,-0.52,-0.66,-2.63
128791,-0.87,-0.56,-1.22
128896,0.23,0.1,1.58
129001,0.12,0.71,2.59
129105,-1.06,0.03,-0.65
129210,-0.66,-0.23,-2.5
129314,-1.28,-0.53,-2.84
129419,-0.92,-0.08,0.88
129522,0.16,0.56,2.65
129627,0.91,0.87,0.9
129731,-0.86,-0.6,-1.49
129835,0.16,-0.61,-3.05
129940,-0.02,-0.2,0.43
130043,0.13,0.43,2.78
130149,0.06,0.69,1.08
130253,-0.09,0.26,-1.18
130358,-0.27,-0.79,-2.39
130463,-0.58,-0.6,-0.02
130568,-0.02,0.73,3.24
130671,1.58,1.75,2.11
130776,-0.83,-0.11,-1.73
130880,-0.66,-0.04,-2.16
130984,-0.54,-0.16,-1.08
131088,0.25,0.35,2.97
131193,-0.47,0.79,3.25
131298,-1.01,-0.9,-0.97
131402,-0.38,-0.26,-3.02
131507,-0.98,-0.08,-1.13
131612,0.48,1.59,2.32
131717,-0.7,0.3,1.23
131821,-0.07,0.4,-0.96
131924,-0.42,-0.79,-3.27
132029,0.64,-0.41,0.07
132133,0.16,0,2.35
132237,-0.05,0.67,2.48
132341,-0.37,0.08,-1.13
132447,-0.77,-0.63,-2.72
132550,-0.89,-0.14,-0.32
132656,-0.24,0.06,2.92
132760,-0.18,0.51,1.2
132865,-0.7,-0.15,-1.14
132970,-0.45,-0.24,-3.37
133073,-0.3,-0.5,0.65
133178,0.32,0.93,2.84
133282,-0.06,0.74,0.78
133386,-1.15,-0.04,-0.63
133490,-0.45,-0.73,-3.97
133595,-0.76,-0.51,-0.19
133699,0.29,0.5,3.85
133804,0.69,0.73,1.34
133908,-0.37,-0.29,-1.45
134013,0.05,-0.39,-3.37
134118,-0.51,-0.58,1.06
134222,0.5,1.5,2.98
134327,-0.31,1.42,2.21
134431,-1.77,0.2,-1.59
134535,-0.38,-0.64,-3.97
134639,-1.06,-0.16,0.5
134744,0.53,1.09,3.16
134847,0.54,0.95,1.13
134952,-0.96,-0.23,-1.56
135057,-0.54,-0.05,-3.91
135161,-0.5,-0.09,1.66
135267,0.09,1.41,2.86
135371,-0.87,0.84,0.79
135476,-0.78,-0.2,-3.26
135580,-0.97,-0.71,-3
135685,-0.88,-0.39,1.38
135788,0.5,0.85,2.88
135892,-0.08,0.84,-0.09
135997,-0.91,-0.21,-2.68
136100,-0.34,-0.64,-1.93
136206,-0.42,0.1,1.92
136310,-0.13,0.8,2.75
136415,-1.51,0.57,-0.99
136520,0.17,-0.12,-3.01
136624,-1.14,-0.23,-1.44
136729,0.17,-0.14,1.56
136834,0.09,-0.07,0.9
136937,0.08,0.48,0.46
137041,-0.37,0.33,-3.14
137146,-0.39,0.29,-1.05
137249,0.37,1.06,2.82
137354,-0.04,1.78,3.25
137459,-0.63,1.15,-2.6
137564,-0.84,-0.01,-3.13
137668,-1.31,-0.2,0.34
137774,0.56,0.22,2.78
137877,0.73,0.45,1.87
137982,0.25,0.15,-3.08
138087,-0.09,-0.48,-3.85
138190,-0.73,0.18,1.96
138295,0.04,1.07,3.5
138399,-0.26,0.49,-0.51
138503,-0.36,0.32,-2.88
138607,-0.53,0.44,-1.57
138713,0.31,0.88,1.89
138817,0,0.66,1.64
138921,0.53,0.33,-0.37
139027,-0.56,-0.17,-3.83
139130,-0.28,-0.31,-0.65
139236,-0.42,0.39,2.16
139340,-0.4,1.06,-0.05
139444,0.9,1.27,3.02
139548,0.22,0.39,-2.24
139653,-1.21,-0.08,-1.25
139756,-0.57,0.03,0.8
139860,1.66,0.56,-0.95
139966,0.44,-0.66,-1.31
140070,-0.55,-0.13,-2.3
140175,0.03,0.19,-1.1
140280,0.02,1.09,3.33
140384,-0.03,1.34,0.59
140489,-0.75,0.26,-0.8
140594,-1.11,0.04,-3.2
140697,-0.33,0.16,1.28
140802,0.58,1.13,3.11
140906,0.61,1.32,1.13
141009,-0.48,0.37,-2.54
141114,-0.53,0,-3.7
141219,0.02,0.28,1.94
141324,-0.77,0.75,2.73
141428,-0.62,1.22,-0.87
141534,-0.06,1,-3.33
141638,-0.91,0,-1.46
141743,0.25,0.59,1.71
141847,0.66,1.14,2.89
141950,1.03,1.25,-0.4
142055,-0.95,0.26,-4.04
142159,-1.06,0.06,-0.46
142264,-0.35,0.39,0.99
142367,0.65,1.75,4.46
142473,-0.34,1.49,0.56
142577,-0.51,0.24,-4.15
142682,-1.61,-0.45,-0.11
142787,0.63,0.87,1.61
142891,0.07,1.46,1.12
142996,-0.05,0.68,-1.04
143100,-0.44,-0.04,-3.87
143204,-0.56,0.2,0.25
143308,0.55,1.62,5.21
143413,-0.39,1.27,1.93
143516,-1.31,0.51,-2.38
143621,-1.01,0.14,-3.31
143726,-0.9,0.03,1.54
143831,0.53,0.56,4.9
143935,0.24,0.94,0.06
144040,-1,-0.39,-3.67
144145,-0.87,0.09,-3.23
144249,-0.88,0.44,1.77
144354,-0.77,2.06,3.81
144458,-0.52,-0.03,0.54
144562,0.06,-0.54,-5.36
144666,-0.53,-0.49,-1.77
144771,0.87,0.83,2.44
144874,0.24,0.8,0.86
144979,-0.65,0.62,-0.11
145084,-0.84,0.39,-4.56
145189,-0.57,0.68,1.46
145294,-0.26,1.65,3.7
145398,-1.36,0.98,-0.04
145504,-0.55,0.24,-4.17
145607,-1.04,0.1,-1.55
145712,0.48,0.86,2.64
145816,0.77,2.23,4.38
145920,-0.62,0.53,-2.36
146024,-0.7,0.72,-3.1
146128,-0.36,1.18,1.57
146233,-0.13,1.75,2.79
146337,-1.26,1.31,-0.52
146443,-1.02,0.61,-3.1
146547,-1.79,-0.97,-1.9
146652,-0.44,-0.22,-0.1
146757,1.25,2.28,1.51
146861,0.52,1.71,1.89
146965,-1.22,0.49,-2.32
147069,-1.46,-0.07,-2.32
147173,-0.57,1.66,0.56
147277,-0.09,2.2,3.5
147381,-1.12,0.83,-0.53
147486,-0.5,0.07,-2.45
147592,-0.99,0.64,-0.97
147695,-0.35,1.8,0.2
147801,1.21,2.83,4.1
147905,-0.97,1.2,1.46
148009,0.11,0.4,-2.59
148114,0.41,0.93,-1.72
148218,0.14,0.54,-0.54
148322,-1.35,-0.18,0.9
148426,-0.25,1.22,1.05
148530,-1.87,0.94,0.22
148635,-0.74,1.33,0.81
148740,-0.79,0.75,-1.12
148844,-0.75,0.44,-0.83
148948,-0.26,0.21,-0.02
149054,-0.11,0.67,0.52
149157,-0.28,0.59,0.96
149263,-0.33,0.08,0.32
149367,-0.47,-0.37,-1.36
149472,-0.27,-0.58,-1.47
149575,-0.44,-0.83,0.21
149680,0.12,-0.12,0.92
149784,-0.21,1.88,1.98
149888,-1.51,1.43,1.08
149992,-1.78,0.47,-1.78
150097,0.19,1.28,-0.11
150201,0.06,0.69,0.97
150306,1.17,1.47,1.48
150411,-0.19,0.79,-1.05
150515,-0.57,0.7,-0.19
150621,-0.35,1.36,1.27
150725,0.73,2.18,-0.3
150829,0.58,1.58,0.95
150933,0.32,1.38,1.45
151037,0.58,1.57,-0.88
151142,0.78,0.88,-2.15
151245,0.61,0.66,0.8
151351,-0.36,1.11,1.15
151455,-1.12,0.99,-0.66
151560,-0.75,0.66,-1.89
151664,0.09,0.51,0.18
151770,0.16,0.69,1.27
151874,0.57,0.8,-2.56
151979,0.09,0.01,0.92
152083,-0.21,0.98,1.5
152186,-0.77,0.51,-0.91
152291,-0.18,0.81,-1.69
152395,0.67,0.44,1.96
152499,0.28,-0.29,0.94
152604,1.35,-0.23,-4.03
152708,-0.06,-1.05,3.1
152813,-0.15,0.03,1.93
152918,-0.42,0.91,-1.57
153023,-1.04,0,-2.03
153128,-0.64,-1.01,-0.85
153232,0.53,-0.88,0.08
153336,0.76,0.46,0.6
153440,1.93,1.14,-2.75
153544,1.7,1.81,2
153649,1.93,1.13,0.92
153753,2.32,0.66,-2.64
153858,2.59,1.08,-0.41
153962,2.2,1.66,-0.55
154066,2.72,1.65,2.35
154172,3.1,1,0.76
154276,3.32,0.57,-0.18
154382,3.38,1.12,-0.98
154485,3.96,1.67,3.11
154590,3.26,0.03,0.04
154694,2.12,-0.31,2.23
154798,0.82,1.32,0.01
154902,0.52,1.35,-0.83
155006,0.97,1.28,-0.28
155111,0.92,0.82,0.2
155215,2.48,0.81,-0.02
155321,2.67,-0.61,-1.36
155425,2.96,-0.17,0.82
155530,1.77,0.84,0.58
155635,0.01,1.43,-1.07
155740,-1.12,-0.48,0.96
155843,0.5,-0.03,1.58
155948,1.95,-0.06,-0.64
156052,0.81,-0.13,-1.55
156156,0.04,-1.33,1.09
156260,-1.36,0.74,1.4
156365,-1.37,-0.12,-1.16
156469,-0.68,-0.52,1.16
156574,0.52,-0.85,0.52
156679,2.52,-0.11,-1.97
156783,1.02,-0.69,-1.56
156889,0.81,-1.37,0.51
156993,-1.46,0.58,-0.2
157096,0.06,0.21,-1.17
157201,-0.19,-0.41,2.98
157305,-0.3,-1.17,1.48
157409,0.11,-0.93,-1.9
157513,0.35,-1.01,-1.03
157619,0.44,-0.8,1.23
157722,-0.64,-0.5,-0.96
157828,0.17,0.33,-0.29
157932,0.58,-0.38,1.05
158036,0.73,-1.04,-1.08
158142,1.32,-1.92,-2.72
158246,0.26,-1.87,0.9
158350,0.08,-3.1,1.9
158454,0.15,-0.18,1.53
158558,1.86,-0.77,-2.69
158662,1.84,-1.22,-1.81
158767,2.42,-1.25,1.46
158871,2.47,0.57,-0.7
158976,1.26,1.04,-1.85
159081,1.52,0.58,0.23
159185,1.76,-0.04,-0.75
159290,0.97,0.11,-1.5
159395,-0.09,0.24,1.24
159499,-0.25,0.31,0.03
159603,0.26,0.78,1.07
159708,-0.17,0.69,0.37
159811,0.11,0.39,1.71
159916,1.26,0.55,-0.87
160019,1.5,0.46,-1.97
160124,1.35,0.42,0.25
160229,-0.22,1.89,1.76
160333,-0.07,1.01,-0.37
160439,-0.53,0.37,-1.5
160543,0.41,1.13,2.56
160648,0.5,0.83,0.37
160752,-0.27,1.06,-2.74
160857,0.26,0.87,2.46
160960,-1.02,0.18,1.66
161064,-0.45,0.46,-1.14
161169,-0.89,0.43,0.34
161272,0.11,1.33,0.01
161378,0.28,1.12,-1.22
161482,0.93,0.72,-0.86
161587,0.32,-0.85,0.78
161692,-0.95,1.2,-1.48
161797,-1.1,1.35,-0.93
161901,0.04,1.41,2.18
162006,0.99,1.15,-0.11
162109,1.16,1.29,-1.48
162213,0.51,-0.3,0.19
162318,-1.2,0.18,0.53
162421,-0.55,1.01,-0.77
162526,-0.62,-0.03,0.43
162630,0.82,1,1.39
162736,-0.14,0.22,0.16
162840,0.8,0.1,-1.62
162945,0.21,-0.08,1.23
163049,0.84,-0.03,0.6
163154,0.47,0.12,-1.75
163258,0.31,-0.68,-1.13
163362,0.72,-1.08,-0.31
163466,0.25,-0.69,0.24
163570,1.85,0.47,-1.55
163675,1.76,1.47,-0.23
163779,1.2,0.55,-0.23
163884,0.85,0.02,-0.76
163989,-0.19,0.23,-1.35
164093,0.81,1.25,0.57
164198,-0.45,1.02,0.24
164302,0.35,0.31,-0.69
164407,0.39,0.34,-2.68
164511,0.49,0.92,1.32
164616,0.89,1.08,2.24
164719,-0.55,0.4,1.34
164824,-0.09,0.91,-3.67
164928,-1.96,0.99,-1.92
165032,-0.75,2.19,2.14
165137,-1.11,2.37,4.21
165241,-2.68,0.64,1.23
165346,-2.04,0.02,-3.74
165451,-1.99,0.28,1.58
165555,-1.16,1.18,2.77
165660,-1.66,0.72,0.67
165765,-0.44,-0.32,-3
165869,-0.66,-0.61,-3.24
165972,-0.19,-0.26,3.33
166077,0.19,2.04,3.14
166181,-0.41,-0.17,-2.84
166286,1.14,0.04,-1.75
166390,2.09,0.21,0.38
166496,2.15,0.85,2.83
166599,1.22,0.43,3.53
166705,4.11,1.5,-1.93
166809,0.71,1.87,-0.1
166914,1.65,2.22,2.89
167018,-0.24,1.28,1.11
167122,0.06,0.91,0.38
167226,2.05,-0.01,-2.11
167330,2.85,0.61,0.15
167435,0.75,0.63,1.55
167539,0.91,-0.49,1.2
167644,1.72,0.29,-3.81
167749,0.64,1.05,-0.5
167853,0.68,2.14,2.47
167958,0.63,0.5,0.37
168061,2.18,2.29,-0.28
168167,0.46,0.66,-1.74
168271,1.75,1.08,0.88
168376,1.98,0.68,-0.05
168479,0.18,1.09,-0.37
168584,-0.05,2.17,1.07
168688,1.12,2.77,2.03
168793,0.48,1.34,0.02
168897,0.47,1.56,-0.09
169001,1.59,2.33,0.9
169106,2.48,3.41,0.89
169211,0.8,2.74,1.49
169315,0.62,1.78,-0.12
169420,-0.13,0.17,-0.52
169525,-0.1,0.33,-1.56
169629,-1.78,-0.51,-0.1
169733,-1.24,-0.08,0.16
169837,-1.17,-0.41,0
169942,-0.04,-0.32,-1.01
170046,-0.17,-1.29,-0.61
170149,1.33,-1.22,1.01
170255,0.74,-1.18,0.57
170359,1.16,-0.07,-0.89
170464,0.68,0.3,-0.07
170568,2.23,0.66,2.01
170674,1.98,0.37,0.87
170778,1.66,-0.16,3.31
170883,0.7,0.03,-2.45
170986,1.38,0.45,-0.93
171090,1.22,0.55,2.07
171195,0.85,-0.65,-0.56
171299,0.52,1.15,1.08
171404,1.67,1.04,-0.13
171509,1.03,1.56,-1.1
171613,0.1,3.23,-0.3
171718,-2.65,2.74,2.31
171823,-0.35,1.43,-0.87
171927,-0.02,2.4,-0.44
172032,0.15,1.04,-1.25
172136,0.45,1.36,1.49
172240,1.07,0.45,-1.38
172344,0,0.33,-0.77
172448,0.79,1.42,-0.89
172553,0.28,0.81,-0.04
172657,0.93,1.4,1.13
172762,0.32,0.98,0.06
172866,-0.51,1.23,-0.61
172972,-0.2,0.69,-0.81
173075,-0.53,0.24,-0.39
173180,-0.54,-0.2,-0.56
173285,-0.41,0.14,0.91
173389,0.55,1.56,1.77
173494,0.36,1.91,0.2
173597,1.18,2.71,-0.23
173702,0.71,1.57,-1.22
173806,0.49,1.29,-0.02
173911,0.35,0.73,1.45
