timestamp (ms),acc-x,acc-y,acc-z,eulerX,eulerY,eulerZ,gyroX,gyroY,gyroZ,accLin-x,accLin-y,accLin-z,grav-x,grav-y,grav-z
15212,0.1,-0.01,9.39,35.25,0.5,0.6875,0.0625,-0.25,0.125,0.02,0.09,-0.41,0.09,-0.11,9.8
15283,0.11,0,9.37,35.25,0.5625,0.625,-0.0625,0.125,-0.125,0.01,0.07,-0.43,0.09,-0.11,9.8
15353,0.11,-0.02,9.37,35.25,0.5625,0.625,0.0625,0.125,-0.25,0.03,0.08,-0.42,0.09,-0.11,9.8
15423,0.1,-0.02,9.37,35.25,0.5625,0.625,0.0625,-0.1875,0,0.01,0.09,-0.38,0.09,-0.11,9.8
15494,0.11,0,9.36,35.25,0.5625,0.625,-0.0625,0,0.0625,0.02,0.07,-0.4,0.09,-0.1,9.8
15563,0.11,0,9.39,35.25,0.5625,0.625,-0.0625,-0.125,-0.1875,0.02,0.09,-0.44,0.09,-0.1,9.8
15633,0.11,-0.02,9.35,35.25,0.5625,0.5625,0.0625,-0.1875,0,0.01,0.05,-0.42,0.09,-0.1,9.8
15704,0.12,-0.02,9.38,35.25,0.5625,0.5625,0.0625,-0.125,0,0.02,0.09,-0.45,0.09,-0.1,9.8
15774,0.12,0,9.39,35.25,0.5625,0.5625,0.0625,0,-0.125,0.01,0.06,-0.4,0.1,-0.1,9.8
15844,0.11,-0.03,9.38,35.25,0.5625,0.5625,0,0,0.125,0.02,0.09,-0.46,0.1,-0.1,9.8
15915,0.11,0,9.38,35.25,0.5625,0.5625,0.0625,0.0625,0.0625,0.02,0.09,-0.4,0.1,-0.1,9.8
15984,0.14,0,9.38,35.25,0.5625,0.5625,0,0.0625,0,0.01,0.11,-0.39,0.1,-0.1,9.8
16055,0.12,-0.02,9.37,35.25,0.5625,0.5625,0,0,0,0.03,0.1,-0.45,0.1,-0.1,9.8
16124,0.11,-0.02,9.37,35.25,0.5625,0.5625,-0.125,-0.0625,0.125,0,0.07,-0.42,0.1,-0.1,9.8
16195,0.11,-0.04,9.36,35.25,0.5625,0.5625,0.0625,-0.1875,0.125,0,0.07,-0.44,0.1,-0.1,9.8
16265,0.11,-0.04,9.36,35.25,0.5625,0.5625,0.0625,-0.0625,0.125,0.02,0.08,-0.4,0.1,-0.1,9.8
16335,0.1,-0.01,9.37,35.25,0.5625,0.5625,-0.0625,-0.0625,-0.0625,0.01,0.07,-0.4,0.1,-0.1,9.8
16405,0.11,-0.01,9.39,35.25,0.5625,0.5625,-0.0625,0,-0.0625,0.02,0.06,-0.43,0.1,-0.1,9.8
16476,0.13,-0.03,9.37,35.25,0.5625,0.5625,0,-0.1875,0,0.01,0.07,-0.42,0.1,-0.1,9.8
16545,0.11,-0.04,9.37,35.25,0.5625,0.5625,-0.125,0,0,0,0.06,-0.43,0.1,-0.1,9.8
16615,0.12,-0.01,9.37,35.25,0.5625,0.5625,0.0625,0.1875,0.0625,0.02,0.06,-0.41,0.1,-0.1,9.8
16686,0.12,0,9.38,35.25,0.5625,0.5625,-0.0625,-0.0625,-0.0625,0.02,0.07,-0.46,0.1,-0.1,9.8
16756,0.11,-0.04,9.37,35.25,0.5625,0.5625,0,-0.125,-0.125,0.02,0.04,-0.41,0.1,-0.1,9.8
16826,0.1,-0.03,9.4,35.25,0.5625,0.5625,-0.125,0.125,-0.0625,0.02,0.08,-0.38,0.1,-0.1,9.8
16897,0.11,-0.04,9.39,35.25,0.5625,0.5625,0.125,-0.1875,0.125,0.03,0.06,-0.45,0.1,-0.1,9.8
16966,0.11,-0.02,9.39,35.25,0.5625,0.5625,-0.125,0.25,-0.0625,0.01,0.08,-0.43,0.1,-0.1,9.8
17036,0.13,0,9.38,35.25,0.5625,0.5625,0,0.125,-0.125,0,0.11,-0.41,0.1,-0.1,9.8
17106,0.12,-0.04,9.38,35.25,0.5625,0.5625,-0.1875,0.0625,-0.125,0.03,0.07,-0.41,0.1,-0.1,9.8
17177,0.11,0,9.39,35.25,0.5625,0.5625,0.0625,0,0.0625,0.03,0.07,-0.42,0.1,-0.1,9.8
17247,0.11,-0.02,9.34,35.25,0.5625,0.5625,-0.0625,0.3125,-0.1875,0,0.08,-0.41,0.1,-0.1,9.8
17316,0.12,-0.03,9.39,35.25,0.5625,0.5625,-0.0625,0.1875,-0.0625,0.04,0.09,-0.41,0.1,-0.1,9.8
17387,0.11,-0.02,9.39,35.25,0.5625,0.5625,0.0625,-0.0625,0.125,0.02,0.06,-0.42,0.1,-0.1,9.8
17458,0.11,-0.01,9.39,35.25,0.5625,0.5625,-0.125,0.125,0,0.01,0.08,-0.44,0.1,-0.1,9.8
17527,0.11,0,9.38,35.25,0.5625,0.5625,0,-0.125,0,0.03,0.07,-0.41,0.1,-0.1,9.8
17597,0.13,-0.04,9.38,35.25,0.5625,0.5625,-0.0625,-0.0625,0,0.01,0.06,-0.38,0.1,-0.1,9.8
17668,0.13,0,9.37,35.25,0.5625,0.5625,0,0,0.0625,0.02,0.07,-0.43,0.1,-0.1,9.8
17737,0.11,-0.02,9.35,35.25,0.5625,0.5625,0.0625,-0.0625,0.0625,0,0.08,-0.45,0.1,-0.1,9.8
17808,0.14,-0.04,9.38,35.25,0.5625,0.5625,-0.0625,0.125,0,0.02,0.07,-0.43,0.1,-0.1,9.8
17879,0.11,-0.03,9.39,35.25,0.5625,0.5625,-0.0625,0.0625,0.0625,0.01,0.07,-0.41,0.1,-0.1,9.8
17948,0.13,0,9.39,35.25,0.5625,0.5625,0,-0.125,0.0625,0.01,0.11,-0.43,0.1,-0.1,9.8
18018,0.11,-0.02,9.39,35.25,0.5625,0.5625,0.125,-0.125,0.0625,0.03,0.06,-0.39,0.1,-0.1,9.8
18088,0.11,-0.02,9.37,35.25,0.5625,0.5625,0,-0.0625,0,0.01,0.09,-0.4,0.1,-0.1,9.8
18159,0.11,-0.03,9.38,35.25,0.5625,0.5625,0.125,-0.25,0,0.02,0.09,-0.43,0.1,-0.1,9.8
18229,0.12,-0.02,9.36,35.25,0.5625,0.5625,0,0,0.125,0.02,0.07,-0.42,0.1,-0.1,9.8
18299,0.1,-0.01,9.37,35.25,0.5625,0.5625,0,-0.0625,0,0.01,0.08,-0.41,0.1,-0.1,9.8
18369,0.12,0,9.39,35.25,0.5625,0.5625,-0.0625,0.0625,0,0,0.08,-0.41,0.1,-0.1,9.8
18439,0.12,-0.02,9.35,35.25,0.5625,0.5625,0.125,0.0625,-0.0625,0,0.07,-0.44,0.1,-0.1,9.8
18509,0.11,-0.02,9.39,35.25,0.5625,0.5625,-0.0625,0,0,0,0.06,-0.44,0.1,-0.1,9.8
18580,0.11,-0.02,9.37,35.25,0.5625,0.5625,-0.125,0.125,0,0.01,0.08,-0.45,0.1,-0.1,9.8
18650,0.12,-0.01,9.37,35.25,0.5625,0.5625,0.0625,0,0,0.02,0.06,-0.43,0.1,-0.1,9.8
18719,0.12,-0.01,9.37,35.25,0.5625,0.5625,0.0625,0.0625,0,0.02,0.09,-0.4,0.1,-0.1,9.8
18790,0.11,-0.01,9.39,35.25,0.5625,0.5625,0,0.0625,-0.125,0.01,0.07,-0.42,0.1,-0.1,9.8
18861,0.11,-0.01,9.39,35.25,0.5625,0.5625,-0.0625,0.125,-0.0625,0.03,0.09,-0.4,0.1,-0.1,9.8
18930,0.12,-0.01,9.42,35.25,0.5625,0.5625,-0.125,0,0,0.01,0.07,-0.38,0.1,-0.1,9.8
19001,0.12,-0.03,9.37,35.25,0.5625,0.5625,0,-0.125,0,0,0.07,-0.46,0.1,-0.1,9.8
19070,0.11,-0.01,9.4,35.25,0.5625,0.5625,-0.0625,-0.0625,0.0625,0.02,0.07,-0.4,0.1,-0.1,9.8
19140,0.11,-0.06,9.4,35.25,0.5625,0.5625,0,-0.0625,0.0625,0,0.05,-0.44,0.1,-0.1,9.8
19211,0.11,-0.03,9.39,35.25,0.5625,0.5625,0.0625,0.125,-0.125,0,0.06,-0.4,0.1,-0.1,9.8
19281,0.13,-0.01,9.36,35.25,0.5625,0.5625,0,0,-0.0625,0.01,0.09,-0.4,0.1,-0.1,9.8
19351,0.13,-0.01,9.33,35.25,0.5625,0.5625,0,0.125,0,0.02,0.07,-0.4,0.1,-0.1,9.8
19421,0.1,-0.01,9.39,35.25,0.5625,0.5625,0,0.0625,0,0.03,0.07,-0.42,0.1,-0.1,9.8
19491,0.13,-0.04,9.39,35.25,0.5625,0.5625,-0.0625,-0.125,0,0.01,0.09,-0.44,0.1,-0.1,9.8
19562,0.1,-0.02,9.37,35.25,0.5625,0.5625,-0.0625,0.0625,0,0.02,0.07,-0.42,0.1,-0.1,9.8
19632,0.11,0,9.37,35.25,0.5625,0.5625,0.0625,-0.1875,0.125,0.03,0.09,-0.42,0.1,-0.1,9.8
19702,0.09,-0.01,9.35,35.25,0.5625,0.5625,0,-0.1875,0.0625,0.03,0.09,-0.42,0.1,-0.1,9.8
19772,0.12,-0.03,9.37,35.25,0.5625,0.5625,0,-0.0625,0.0625,0.03,0.07,-0.43,0.1,-0.1,9.8
19842,0.1,-0.02,9.39,35.25,0.5625,0.5625,-0.0625,0,-0.0625,0.01,0.06,-0.45,0.1,-0.1,9.8
19912,0.11,-0.02,9.35,35.25,0.5625,0.5625,0,-0.0625,0.0625,0,0.08,-0.4,0.1,-0.1,9.8
19983,0.13,-0.01,9.41,35.25,0.5625,0.5625,-0.0625,-0.125,-0.125,0.03,0.07,-0.4,0.1,-0.1,9.8
20052,0.12,-0.03,9.39,35.25,0.5625,0.5625,-0.125,0.0625,-0.125,0.02,0.08,-0.42,0.1,-0.1,9.8
20122,0.11,-0.01,9.37,35.25,0.5625,0.5625,0,0,0.0625,0.01,0.07,-0.41,0.1,-0.1,9.8
20193,0.12,-0.02,9.38,35.25,0.5625,0.5625,-0.0625,0,-0.125,0.01,0.07,-0.42,0.1,-0.1,9.8
20263,0.11,-0.02,9.37,35.25,0.5625,0.5625,-0.125,0,-0.0625,0.03,0.08,-0.41,0.1,-0.1,9.8
20333,0.1,-0.02,9.39,35.25,0.5625,0.5625,0,0,0.0625,0.03,0.08,-0.42,0.1,-0.1,9.8
20404,0.12,-0.04,9.38,35.25,0.5625,0.5625,0,0.125,0,0.01,0.08,-0.42,0.1,-0.1,9.8
20473,0.12,-0.02,9.39,35.25,0.5625,0.5625,-0.0625,-0.125,0.125,0.01,0.09,-0.41,0.1,-0.1,9.8
20544,0.12,-0.03,9.39,35.25,0.5625,0.5625,0.0625,0,0,0,0.06,-0.42,0.1,-0.1,9.8
20614,0.11,-0.04,9.4,35.25,0.5625,0.5625,0,-0.125,0,0,0.1,-0.39,0.1,-0.1,9.8
20684,0.11,-0.02,9.39,35.25,0.5625,0.5625,0,-0.0625,-0.1875,0.02,0.07,-0.42,0.1,-0.1,9.8
20754,0.11,-0.01,9.37,35.25,0.5625,0.5625,0.0625,-0.125,0,0.02,0.08,-0.42,0.1,-0.1,9.8
20824,0.1,-0.02,9.36,35.25,0.5625,0.5625,0,-0.125,0.125,0.02,0.09,-0.42,0.1,-0.1,9.8
20894,0.11,-0.03,9.37,35.25,0.5625,0.5625,0,0.0625,-0.0625,0,0.06,-0.44,0.1,-0.1,9.8
20965,0.14,-0.01,9.4,35.25,0.5625,0.5625,-0.125,0.0625,-0.0625,0.03,0.06,-0.42,0.1,-0.1,9.8
21035,0.11,0,9.4,35.25,0.5625,0.5625,-0.0625,0.125,-0.0625,0.02,0.08,-0.43,0.1,-0.1,9.8
21105,0.11,-0.03,9.39,35.25,0.5625,0.5625,-0.0625,0.0625,0.1875,0.03,0.07,-0.4,0.1,-0.1,9.8
21175,0.13,-0.02,9.39,35.25,0.5625,0.5625,-0.0625,0.1875,0,0.01,0.06,-0.42,0.1,-0.1,9.8
21245,0.11,-0.02,9.4,35.25,0.5625,0.5625,0,-0.0625,0.25,0.03,0.08,-0.4,0.1,-0.1,9.8
21315,0.11,-0.01,9.37,35.25,0.5625,0.5625,0,0.0625,0.125,0.02,0.09,-0.39,0.1,-0.1,9.8
21386,0.12,-0.01,9.39,35.25,0.5625,0.5625,0,-0.125,-0.1875,0.01,0.07,-0.44,0.1,-0.1,9.8
21455,0.11,-0.01,9.34,35.25,0.5625,0.5625,-0.125,0.125,0,0.01,0.06,-0.39,0.1,-0.1,9.8
21526,0.11,-0.04,9.41,35.25,0.5625,0.5625,0,-0.125,0.0625,0.03,0.09,-0.42,0.1,-0.1,9.8
21596,0.11,-0.03,9.39,35.25,0.5625,0.5625,0,0.0625,0.0625,0.03,0.08,-0.43,0.1,-0.1,9.8
21666,0.11,-0.02,9.35,35.25,0.5625,0.5625,0,-0.125,-0.0625,0.02,0.06,-0.38,0.1,-0.1,9.8
21736,0.13,-0.03,9.4,35.25,0.5625,0.5625,0,0.0625,0,0.01,0.07,-0.44,0.1,-0.1,9.8
21807,0.11,-0.01,9.36,35.25,0.5625,0.5625,-0.0625,0.0625,-0.125,0,0.09,-0.42,0.1,-0.1,9.8
21876,0.12,-0.02,9.38,35.25,0.5625,0.5625,0,0,0.0625,0.01,0.07,-0.41,0.1,-0.1,9.8
21947,0.11,-0.01,9.42,35.25,0.5625,0.5625,0.0625,0.0625,0,0.02,0.07,-0.47,0.1,-0.1,9.8
22017,0.12,-0.01,9.34,35.25,0.5625,0.5625,0.1875,0.0625,0,0.01,0.06,-0.42,0.1,-0.1,9.8
22087,0.12,0,9.36,35.25,0.5625,0.5625,0,-0.0625,0.0625,0.01,0.07,-0.42,0.1,-0.1,9.8
22157,0.11,-0.02,9.39,35.25,0.5625,0.5625,0.125,0,0.0625,0.02,0.06,-0.42,0.1,-0.1,9.8
22227,0.11,-0.02,9.37,35.25,0.5625,0.5625,0.125,-0.0625,0.0625,0.01,0.06,-0.42,0.1,-0.1,9.8
22297,0.12,-0.01,9.4,35.25,0.5625,0.5625,0.0625,0.1875,-0.0625,0.03,0.07,-0.44,0.1,-0.1,9.8
22368,0.11,0,9.38,35.25,0.5625,0.5625,-0.1875,0.125,0.0625,0.01,0.1,-0.41,0.1,-0.1,9.8
22437,0.12,0,9.39,35.25,0.5625,0.5625,-0.0625,0.125,-0.1875,0.02,0.08,-0.44,0.1,-0.1,9.8
22508,0.13,-0.01,9.36,35.25,0.5625,0.5625,-0.0625,-0.0625,0.125,0.02,0.07,-0.43,0.1,-0.1,9.8
22578,0.11,-0.03,9.38,35.25,0.5625,0.5625,0,0,0.0625,0.01,0.05,-0.43,0.1,-0.1,9.8
22648,0.11,-0.01,9.38,35.25,0.5625,0.5625,-0.125,-0.125,-0.0625,0.02,0.08,-0.44,0.1,-0.1,9.8
22718,0.11,-0.03,9.4,35.25,0.5625,0.5625,0.0625,-0.0625,0.125,0.02,0.08,-0.42,0.1,-0.1,9.8
22789,0.11,0,9.39,35.25,0.5625,0.5625,-0.0625,0.0625,0,0.03,0.05,-0.39,0.1,-0.1,9.8
22858,0.12,-0.01,9.38,35.25,0.5625,0.5625,0.125,-0.0625,0,0.01,0.06,-0.39,0.1,-0.1,9.8
22928,0.12,-0.01,9.38,35.25,0.5625,0.5625,0,0,0.0625,0.03,0.11,-0.44,0.1,-0.1,9.8
22999,0.12,-0.05,9.38,35.25,0.5625,0.5625,0,0.0625,0.0625,0,0.07,-0.43,0.1,-0.1,9.8
23069,0.13,0,9.36,35.25,0.5625,0.5625,-0.125,-0.0625,0.0625,0.03,0.09,-0.42,0.1,-0.1,9.8
23139,0.11,-0.01,9.37,35.25,0.5625,0.5625,0,0.1875,-0.0625,0.02,0.07,-0.38,0.1,-0.1,9.8
23209,0.11,-0.04,9.37,35.25,0.5625,0.5625,-0.0625,0.125,-0.125,0.02,0.05,-0.45,0.1,-0.1,9.8
23279,0.11,-0.02,9.37,35.25,0.5625,0.5625,-0.0625,0.125,0.0625,0.02,0.08,-0.42,0.1,-0.1,9.8
23350,0.12,0,9.37,35.25,0.5625,0.5625,0.0625,0,0.0625,0.01,0.07,-0.43,0.1,-0.1,9.8
23419,0.1,-0.01,9.33,35.25,0.5625,0.5625,0,-0.0625,0.125,0,0.07,-0.4,0.1,-0.1,9.8
23490,0.15,-0.04,9.37,35.25,0.5625,0.5625,-0.125,0.0625,-0.0625,0.01,0.08,-0.41,0.1,-0.1,9.8
23560,0.12,0,9.37,35.25,0.5625,0.5625,0.0625,-0.125,0,0.02,0.06,-0.43,0.1,-0.1,9.8
23629,0.11,-0.01,9.39,35.25,0.5625,0.5625,0,-0.0625,0.0625,0.01,0.08,-0.42,0.1,-0.1,9.8
23700,0.12,0,9.35,35.25,0.5625,0.5625,0,-0.1875,0,0.01,0.07,-0.44,0.1,-0.1,9.8
23771,0.11,-0.03,9.37,35.25,0.5625,0.5625,0.0625,0,-0.125,0.03,0.05,-0.38,0.1,-0.1,9.8
23840,0.11,-0.01,9.39,35.25,0.5625,0.5625,0,-0.125,0.0625,0.01,0.09,-0.43,0.1,-0.1,9.8
23911,0.11,-0.01,9.37,35.25,0.5625,0.5625,-0.0625,0,-0.0625,0.02,0.07,-0.43,0.1,-0.1,9.8
23981,0.1,0,9.39,35.25,0.5625,0.5625,-0.0625,-0.0625,-0.0625,0,0.07,-0.39,0.1,-0.1,9.8
24051,0.11,-0.02,9.38,35.25,0.5625,0.5625,0,0.0625,-0.0625,0.01,0.06,-0.45,0.1,-0.1,9.8
24121,0.11,0,9.36,35.25,0.5625,0.5625,-0.0625,0,0.0625,0.01,0.05,-0.41,0.1,-0.1,9.8
24192,0.1,-0.01,9.41,35.25,0.5625,0.5625,0.0625,0,0.0625,0.01,0.08,-0.42,0.1,-0.1,9.8
24261,0.11,0,9.39,35.25,0.5625,0.5625,-0.0625,0.125,-0.0625,0,0.1,-0.43,0.1,-0.1,9.8
24331,0.13,-0.02,9.39,35.25,0.5625,0.5625,0,-0.0625,0.0625,0.01,0.06,-0.39,0.1,-0.1,9.8
24401,0.11,0,9.39,35.25,0.5625,0.5625,0,-0.0625,-0.125,0.02,0.07,-0.42,0.1,-0.1,9.8
24472,0.12,-0.01,9.38,35.25,0.5625,0.5625,0.0625,-0.0625,-0.0625,0.02,0.07,-0.42,0.1,-0.1,9.8
24542,0.1,-0.03,9.38,35.25,0.5625,0.5625,0,0.125,-0.0625,0.01,0.08,-0.41,0.1,-0.1,9.8
24612,0.11,-0.02,9.37,35.25,0.5625,0.5625,0.0625,0.0625,-0.0625,0.01,0.08,-0.41,0.1,-0.1,9.8
24682,0.14,-0.04,9.4,35.25,0.5625,0.5625,0,0.125,0.0625,0.01,0.06,-0.42,0.1,-0.1,9.8
24753,0.1,-0.01,9.38,35.25,0.5625,0.5625,0.0625,-0.0625,0.0625,0.02,0.07,-0.41,0.1,-0.1,9.8
24822,0.11,0,9.39,35.25,0.5625,0.5625,0.125,-0.0625,-0.125,0.03,0.09,-0.42,0.1,-0.1,9.8
24893,0.1,-0.03,9.39,35.25,0.5625,0.5625,-0.125,0.125,0.0625,0.01,0.07,-0.43,0.1,-0.1,9.8
24963,0.11,-0.02,9.39,35.25,0.5625,0.5625,-0.0625,0,-0.0625,0.02,0.07,-0.41,0.1,-0.1,9.8
25032,0.12,-0.01,9.4,35.25,0.5625,0.5625,0.0625,-0.1875,0,0.01,0.08,-0.41,0.1,-0.1,9.8
25103,0.09,-0.04,9.39,35.25,0.5625,0.5625,0,-0.125,0.0625,0.02,0.07,-0.4,0.1,-0.1,9.8
25174,0.11,-0.01,9.36,35.25,0.5625,0.5625,0.0625,0.125,-0.125,0.02,0.07,-0.42,0.1,-0.1,9.8
25243,0.11,-0.01,9.39,35.25,0.5625,0.5625,0,0,0,0.03,0.07,-0.4,0.1,-0.1,9.8
25314,0.12,-0.02,9.39,35.25,0.5625,0.5625,-0.0625,0.125,-0.125,0.03,0.1,-0.44,0.1,-0.1,9.8
25383,0.11,-0.04,9.39,35.25,0.5625,0.5625,-0.0625,0,0,0,0.07,-0.41,0.1,-0.1,9.8
25454,0.11,-0.01,9.4,35.25,0.5625,0.5625,0,0.0625,0.0625,0.03,0.06,-0.43,0.1,-0.1,9.8
25524,0.1,-0.03,9.39,35.25,0.5625,0.5625,-0.125,0.0625,0,0.02,0.08,-0.41,0.1,-0.1,9.8
25594,0.11,-0.01,9.4,35.25,0.5625,0.5625,-0.0625,0,-0.0625,0,0.07,-0.42,0.1,-0.1,9.8
25664,0.12,-0.02,9.36,35.25,0.5625,0.5625,0,-0.125,0.125,0.02,0.06,-0.42,0.1,-0.1,9.8
25734,0.1,-0.01,9.36,35.25,0.5625,0.5625,0,-0.0625,0.0625,0.01,0.06,-0.39,0.1,-0.1,9.8
25804,0.1,-0.01,9.39,35.25,0.5625,0.5625,0,0,0.0625,0,0.09,-0.44,0.1,-0.1,9.8
25875,0.12,-0.01,9.39,35.25,0.5625,0.5625,0,0.125,-0.0625,0.02,0.1,-0.39,0.1,-0.1,9.8
25945,0.14,-0.02,9.39,35.25,0.5625,0.5625,0,0.0625,-0.1875,0.01,0.06,-0.4,0.1,-0.1,9.8
26015,0.11,0,9.34,35.25,0.5625,0.5625,0,-0.3125,0.0625,0,0.08,-0.38,0.1,-0.1,9.8
26085,0.11,-0.01,9.39,35.25,0.5625,0.5625,0.125,0.125,0,0.01,0.08,-0.42,0.1,-0.1,9.8
26156,0.09,-0.04,9.39,35.25,0.5625,0.5625,0.0625,-0.1875,-0.125,0,0.07,-0.46,0.1,-0.1,9.8
26225,0.11,-0.01,9.37,35.25,0.5625,0.5625,-0.0625,0.0625,-0.125,0.01,0.09,-0.4,0.1,-0.1,9.8
26296,0.11,-0.02,9.34,35.25,0.5625,0.5625,-0.125,0,-0.125,0.02,0.07,-0.4,0.1,-0.1,9.8
26365,0.11,-0.01,9.35,35.25,0.5625,0.5625,-0.125,0.0625,0.0625,0.02,0.09,-0.42,0.1,-0.1,9.8
26435,0.11,-0.03,9.39,35.25,0.5625,0.5625,-0.0625,0.1875,0.0625,0.01,0.06,-0.41,0.1,-0.1,9.8
26506,0.12,-0.04,9.39,35.25,0.5625,0.5625,-0.0625,0.0625,-0.0625,0.02,0.06,-0.44,0.1,-0.1,9.8
26576,0.12,-0.02,9.39,35.25,0.5625,0.5625,-0.0625,0,0.0625,0.02,0.07,-0.43,0.1,-0.1,9.8
26646,0.11,-0.02,9.39,35.25,0.5625,0.5625,-0.0625,0.0625,0.125,0.02,0.07,-0.43,0.1,-0.1,9.8
26717,0.13,-0.01,9.4,35.25,0.5625,0.5625,0.0625,0.0625,0,0.01,0.08,-0.4,0.1,-0.1,9.8
26786,0.12,-0.02,9.38,35.25,0.5625,0.5625,-0.125,0.125,0,0,0.07,-0.41,0.1,-0.1,9.8
26856,0.12,-0.02,9.39,35.25,0.5625,0.5625,-0.125,0,-0.0625,0.01,0.09,-0.44,0.1,-0.1,9.8
26927,0.11,0,9.39,35.25,0.5625,0.5625,0,-0.0625,-0.0625,0,0.07,-0.42,0.1,-0.1,9.8
26996,0.09,-0.01,9.37,35.25,0.5625,0.5625,0.0625,-0.125,0.0625,0.01,0.06,-0.42,0.1,-0.1,9.8
27067,0.11,-0.02,9.37,35.25,0.5625,0.5625,-0.0625,-0.125,-0.125,0.03,0.07,-0.42,0.1,-0.1,9.8
27137,0.13,0,9.39,35.25,0.5625,0.5625,-0.0625,0.125,0.0625,0.01,0.08,-0.41,0.1,-0.1,9.8
27207,0.14,-0.02,9.37,35.25,0.5625,0.5625,0.125,-0.0625,0.0625,0.03,0.06,-0.44,0.1,-0.1,9.8
27278,0.12,-0.02,9.38,35.25,0.5625,0.5625,0.0625,0.0625,0.125,0.01,0.05,-0.4,0.1,-0.1,9.8
27347,0.11,-0.02,9.38,35.25,0.5625,0.5625,0.0625,-0.125,0,0.02,0.09,-0.42,0.1,-0.1,9.8
27417,0.1,-0.01,9.37,35.25,0.5625,0.5625,-0.0625,-0.0625,0,0.02,0.07,-0.42,0.1,-0.1,9.8
27488,0.11,-0.02,9.39,35.25,0.5625,0.5625,0.125,0,0,0.01,0.07,-0.42,0.1,-0.1,9.8
27557,0.13,-0.02,9.38,35.25,0.5625,0.5625,0,-0.0625,-0.1875,0.01,0.08,-0.46,0.1,-0.1,9.8
27628,0.12,-0.02,9.35,35.25,0.5625,0.5625,0,-0.0625,-0.0625,0.01,0.06,-0.43,0.1,-0.1,9.8
27698,0.11,-0.02,9.38,35.25,0.5625,0.5625,-0.0625,0.1875,-0.0625,0.02,0.08,-0.42,0.1,-0.1,9.8
27768,0.11,-0.04,9.37,35.25,0.5625,0.5625,-0.125,-0.0625,0,0.01,0.07,-0.42,0.1,-0.1,9.8
27838,0.12,-0.01,9.39,35.25,0.5625,0.5625,0,-0.1875,0.0625,0,0.07,-0.42,0.1,-0.1,9.8
27908,0.1,-0.01,9.39,35.25,0.5625,0.5625,-0.1875,0.125,-0.0625,0.01,0.1,-0.42,0.1,-0.1,9.8
27978,0.11,0,9.36,35.25,0.5625,0.5625,0.0625,0.0625,-0.0625,0,0.08,-0.38,0.1,-0.1,9.8
28049,0.12,-0.04,9.41,35.25,0.5625,0.5625,0,-0.0625,0,0.03,0.07,-0.46,0.1,-0.1,9.8
28119,0.13,0,9.38,35.25,0.5625,0.5625,-0.0625,-0.125,0,0.01,0.07,-0.42,0.1,-0.1,9.8
28188,0.11,-0.03,9.39,35.25,0.5625,0.5625,0,-0.0625,0.0625,0.03,0.06,-0.42,0.1,-0.1,9.8
28259,0.14,-0.1,9.39,35.25,0.5625,0.5625,0,0.0625,-0.0625,0.03,0.01,-0.45,0.1,-0.1,9.8
28329,0.15,0.01,9.39,35.25,0.5625,0.5625,0,0.125,-0.125,0.04,0.06,-0.41,0.1,-0.1,9.8
28399,0.14,0.06,9.37,35.25,0.5625,0.5625,0.0625,-0.125,0.0625,0.05,0.18,-0.39,0.1,-0.1,9.8
28469,0.11,-0.1,9.37,35.25,0.5625,0.5625,-0.0625,0.125,-0.0625,0.04,0.06,-0.43,0.1,-0.1,9.8
28539,0.1,-0.03,9.38,35.25,0.5625,0.5625,-0.0625,-0.0625,0.125,0.01,0.04,-0.42,0.1,-0.1,9.8
28609,0.11,-0.01,9.39,35.25,0.5625,0.5625,0.0625,-0.1875,0,0.01,0.08,-0.45,0.1,-0.1,9.8
28680,0.11,-0.02,9.36,35.25,0.5625,0.5625,-0.125,0.125,0,0.01,0.07,-0.42,0.1,-0.1,9.8
28749,0.13,-0.05,9.38,35.25,0.5625,0.5625,0.0625,0,-0.125,0,0.02,-0.4,0.1,-0.1,9.8
28820,0.18,0,9.36,35.25,0.5625,0.5625,-0.0625,0.125,-0.0625,0.04,0.07,-0.42,0.1,-0.1,9.8
28890,0.13,0.01,9.39,35.25,0.5625,0.5625,0,-0.0625,0,0.05,0.09,-0.4,0.1,-0.1,9.8
28960,0.1,-0.03,9.39,35.25,0.5625,0.5625,0,0.125,0,0.01,0.08,-0.45,0.1,-0.1,9.8
29030,0.13,-0.01,9.39,35.25,0.5625,0.5625,-0.0625,-0.0625,0.125,0,0.06,-0.43,0.1,-0.1,9.8
29101,0.11,-0.04,9.37,35.25,0.5625,0.5625,-0.0625,0.0625,-0.0625,0.04,0.08,-0.44,0.1,-0.1,9.8
29170,0.09,-0.05,9.38,35.25,0.5625,0.5625,0.0625,0,-0.1875,0.01,0.06,-0.43,0.1,-0.1,9.8
29240,0.1,-0.02,9.39,35.25,0.5625,0.5625,-0.0625,0.0625,0,0.01,0.07,-0.38,0.1,-0.1,9.8
29310,0.15,0,9.39,35.25,0.5625,0.5625,0,0.0625,-0.125,0.01,0.07,-0.46,0.1,-0.1,9.8
29381,0.1,0,9.36,35.25,0.5625,0.5625,-0.0625,0,0.0625,0.02,0.06,-0.4,0.1,-0.1,9.8
29451,0.11,-0.03,9.36,35.25,0.5625,0.5625,0,-0.0625,0.0625,0.01,0.07,-0.39,0.1,-0.1,9.8
29520,0.13,-0.04,9.35,35.25,0.5625,0.5625,-0.0625,-0.0625,0.125,0.02,0.06,-0.4,0.1,-0.1,9.8
29591,0.11,-0.02,9.39,35.25,0.5625,0.5625,-0.0625,0.1875,-0.0625,0.02,0.06,-0.4,0.1,-0.1,9.8
29661,0.13,0,9.38,35.25,0.5625,0.5625,0,-0.0625,-0.0625,0.01,0.08,-0.44,0.1,-0.1,9.8
29731,0.12,0,9.38,35.25,0.5625,0.5625,0,0,0,0.01,0.09,-0.4,0.1,-0.1,9.8
29801,0.13,-0.02,9.37,35.25,0.5625,0.5625,0,-0.125,0.0625,0.02,0.07,-0.42,0.1,-0.1,9.8
29872,0.1,-0.04,9.34,35.25,0.5625,0.5625,-0.125,0.1875,-0.0625,0.01,0.06,-0.42,0.1,-0.1,9.8
29941,0.12,0,9.38,35.25,0.5625,0.5625,0.0625,0,0,0.02,0.06,-0.42,0.1,-0.1,9.8
30012,0.14,0.18,9.53,35.25,0.5625,0.5625,-0.0625,0.1875,-0.0625,0,0.22,-0.44,0.1,-0.1,9.8
30083,0.15,0.03,9.29,35.25,0.5625,0.5625,0.0625,-0.0625,0,0.04,0.22,-0.53,0.1,-0.1,9.8
30152,0.15,-0.16,9.4,35.25,0.5625,0.5625,-0.0625,0.125,0.0625,0.06,-0.02,-0.38,0.1,-0.1,9.8
30222,0.1,-0.03,9.38,35.25,0.5625,0.5625,0,0.0625,0,0.01,0,-0.51,0.1,-0.1,9.8
30292,0.11,0.07,9.35,35.25,0.5625,0.5625,-0.125,0.125,0.0625,0.01,0.15,-0.38,0.1,-0.1,9.8
30362,0.12,-0.07,9.39,35.25,0.5625,0.5625,0.125,0.0625,0.0625,0.05,0.13,-0.43,0.1,-0.1,9.8
30433,0.09,-0.06,9.36,35.25,0.5625,0.5625,0.0625,0,0.0625,0,0.01,-0.43,0.1,-0.1,9.8
30502,0.11,0,9.36,35.25,0.5625,0.5625,-0.0625,-0.0625,0.0625,0,0.01,-0.42,0.1,-0.1,9.8
30573,0.11,0.05,9.36,35.25,0.5625,0.5625,0.0625,0.125,-0.0625,0.02,0.13,-0.42,0.1,-0.1,9.8
30643,0.14,-0.03,9.37,35.25,0.5625,0.5625,0.125,0.125,0,0.02,0.08,-0.4,0.1,-0.1,9.8
30713,0.11,-0.03,9.39,35.25,0.5625,0.5625,0,-0.0625,0.125,0.03,0.07,-0.43,0.1,-0.1,9.8
30784,0.11,-0.02,9.38,35.25,0.5625,0.5625,0,0,0.0625,0.01,0.05,-0.41,0.1,-0.1,9.8
30854,0.12,-0.01,9.38,35.25,0.5625,0.5625,-0.125,0,0,0.01,0.1,-0.42,0.1,-0.1,9.8
30923,0.11,-0.02,9.36,35.25,0.5625,0.5625,-0.0625,0,-0.125,0.01,0.09,-0.44,0.1,-0.1,9.8
30994,0.12,0,9.39,35.25,0.5625,0.5625,0,-0.0625,0,0,0.06,-0.41,0.1,-0.1,9.8
31064,0.1,-0.03,9.4,35.25,0.5625,0.5625,-0.125,0.25,0,0.01,0.06,-0.43,0.1,-0.1,9.8
31134,0.12,-0.01,9.39,35.25,0.5625,0.5625,0,-0.125,-0.0625,0.02,0.07,-0.42,0.1,-0.1,9.8
31204,0.11,-0.03,9.38,35.25,0.5625,0.5625,-0.0625,0.1875,0.0625,0.01,0.07,-0.44,0.1,-0.1,9.8
31275,0.12,-0.03,9.36,35.25,0.5625,0.5625,-0.0625,0.0625,-0.125,0.02,0.06,-0.42,0.1,-0.1,9.8
31344,0.11,0,9.37,35.25,0.5625,0.5625,0,-0.1875,0,0.02,0.08,-0.42,0.1,-0.1,9.8
31415,0.11,-0.02,9.36,35.25,0.5625,0.5625,-0.125,0,0.0625,0.02,0.06,-0.43,0.1,-0.1,9.8
31484,0.1,-0.01,9.38,35.25,0.5625,0.5625,0,-0.125,0,0.01,0.09,-0.42,0.1,-0.1,9.8
31555,0.11,-0.04,9.4,35.25,0.5625,0.5625,-0.125,0.125,-0.125,0.01,0.06,-0.39,0.1,-0.1,9.8
31625,0.12,-0.02,9.38,35.25,0.5625,0.5625,-0.0625,0,-0.0625,0.01,0.09,-0.44,0.1,-0.1,9.8
31695,0.13,-0.02,9.39,35.25,0.5625,0.5625,-0.0625,0.125,-0.0625,0.01,0.1,-0.4,0.1,-0.1,9.8
31765,0.11,-0.04,9.37,35.25,0.5625,0.5625,0.0625,0,0,0.02,0.06,-0.42,0.1,-0.1,9.8
31836,0.1,-0.01,9.39,35.25,0.5625,0.5625,-0.125,-0.0625,-0.0625,0.01,0.07,-0.41,0.1,-0.1,9.8
31905,0.1,-0.03,9.42,35.25,0.5625,0.5625,0.0625,0.0625,0,0,0.06,-0.39,0.1,-0.1,9.8
31976,0.13,-0.02,9.32,35.25,0.5625,0.5625,0.0625,-0.0625,0.125,0.03,0.04,-0.42,0.1,-0.1,9.8
32046,0.1,-0.01,9.37,35.25,0.5625,0.5625,0.125,-0.0625,0,0.01,0.06,-0.39,0.1,-0.1,9.8
32116,0.11,-0.02,9.38,35.25,0.5625,0.5625,0.0625,0,0,0,0.07,-0.37,0.1,-0.1,9.8
32186,0.12,-0.04,9.39,35.25,0.5625,0.5625,0.125,-0.125,0.0625,0.04,0.06,-0.42,0.1,-0.1,9.8
32257,0.11,-0.01,9.38,35.25,0.5625,0.5625,0.1875,-0.1875,0.0625,0.01,0.06,-0.42,0.1,-0.1,9.8
32326,0.09,-0.03,9.36,35.25,0.5625,0.5625,-0.0625,0,0.125,0.02,0.07,-0.42,0.1,-0.1,9.8
32396,0.11,-0.02,9.38,35.25,0.5625,0.5625,-0.0625,-0.0625,-0.125,0.01,0.09,-0.42,0.1,-0.1,9.8
32466,0.11,-0.01,9.37,35.25,0.5625,0.5625,0,0.25,-0.0625,0.02,0.05,-0.44,0.1,-0.1,9.8
32537,0.1,-0.02,9.4,35.25,0.5625,0.5625,0.125,-0.25,0,0.01,0.08,-0.43,0.1,-0.1,9.8
32607,0.13,-0.02,9.37,35.25,0.5625,0.5625,0.0625,0,0,0.03,0.08,-0.42,0.1,-0.1,9.8
32676,0.11,-0.01,9.36,35.25,0.5625,0.5625,-0.0625,-0.0625,0,0,0.05,-0.43,0.1,-0.1,9.8
32747,0.11,-0.01,9.38,35.25,0.5625,0.5625,-0.0625,-0.0625,-0.0625,0.02,0.08,-0.42,0.1,-0.1,9.8
32817,0.12,-0.01,9.38,35.25,0.5625,0.5625,0.125,0,-0.0625,0.02,0.07,-0.44,0.1,-0.1,9.8
32887,0.11,-0.02,9.39,35.25,0.5625,0.5625,0.0625,0,-0.0625,0.01,0.07,-0.41,0.1,-0.1,9.8
32957,0.13,-0.02,9.39,35.25,0.5625,0.5625,0,-0.0625,-0.0625,0.02,0.07,-0.4,0.1,-0.1,9.8
33028,0.1,0,9.37,35.25,0.5625,0.5625,0,0,0,0.02,0.08,-0.4,0.1,-0.1,9.8
33097,0.13,-0.03,9.39,35.25,0.5625,0.5625,-0.0625,0.125,0.0625,0.03,0.06,-0.42,0.1,-0.1,9.8
33168,0.12,-0.01,9.37,35.25,0.5625,0.5625,0,0.125,0.0625,0.01,0.06,-0.43,0.1,-0.1,9.8
33238,0.11,-0.02,9.39,35.25,0.5625,0.5625,-0.0625,-0.125,0,0.01,0.08,-0.41,0.1,-0.1,9.8
33308,0.14,-0.02,9.38,35.25,0.5625,0.5625,-0.0625,-0.1875,0.0625,0.02,0.08,-0.43,0.1,-0.1,9.8
33378,0.11,-0.01,9.37,35.25,0.5625,0.5625,0,0.125,0.0625,0,0.07,-0.4,0.1,-0.1,9.8
33447,0.11,-0.04,9.37,35.25,0.5625,0.5625,0,0.25,-0.125,0.02,0.11,-0.43,0.1,-0.1,9.8
33518,0.11,-0.01,9.39,35.25,0.5625,0.5625,0.0625,-0.125,0,0.01,0.09,-0.42,0.1,-0.1,9.8
33589,0.16,-0.02,9.41,35.25,0.5625,0.5625,-0.0625,-0.0625,-0.0625,0.03,0.07,-0.42,0.1,-0.1,9.8
33658,0.13,-0.01,9.38,35.25,0.5625,0.5625,0,0.125,-0.125,0.03,0.05,-0.42,0.1,-0.1,9.8
33728,0.11,0,9.35,35.25,0.5625,0.5625,0,0,-0.0625,0,0.07,-0.41,0.1,-0.1,9.8
33799,0.14,-0.01,9.39,35.25,0.5625,0.5625,0.0625,0.125,-0.0625,0.01,0.09,-0.4,0.1,-0.1,9.8
33868,0.12,-0.03,9.4,35.25,0.5625,0.5625,-0.0625,0,0.0625,0.03,0.04,-0.44,0.1,-0.1,9.8
33939,0.1,-0.02,9.37,35.25,0.5625,0.5625,0.0625,-0.0625,0.125,0.01,0.07,-0.41,0.1,-0.1,9.8
34009,0.11,-0.03,9.4,35.25,0.5625,0.5625,-0.0625,-0.0625,0.0625,0,0.07,-0.41,0.1,-0.1,9.8
34079,0.12,-0.02,9.39,35.25,0.5625,0.5625,0.0625,0,-0.0625,0.03,0.06,-0.42,0.1,-0.1,9.8
34149,0.1,-0.03,9.39,35.25,0.5625,0.5625,-0.0625,0.0625,0.125,0,0.07,-0.43,0.1,-0.1,9.8
34220,0.11,-0.01,9.39,35.25,0.5625,0.5625,0.0625,0,0,0.03,0.08,-0.45,0.1,-0.1,9.8
34289,0.13,-0.01,9.37,35.25,0.5625,0.5625,0,-0.0625,0.0625,0.03,0.08,-0.39,0.1,-0.1,9.8
34360,0.12,0,9.37,35.25,0.5625,0.5625,0,0.1875,-0.1875,0.02,0.08,-0.42,0.1,-0.1,9.8
34429,0.11,-0.02,9.37,35.25,0.5625,0.5625,0.0625,0.0625,-0.0625,0.01,0.08,-0.41,0.1,-0.1,9.8
34499,0.11,-0.01,9.4,35.25,0.5625,0.5625,0,0,-0.125,0.01,0.07,-0.4,0.1,-0.1,9.8
34570,0.12,-0.04,9.4,35.25,0.5625,0.5625,-0.0625,-0.0625,0.0625,0.02,0.08,-0.44,0.1,-0.1,9.8
34640,0.12,-0.01,9.36,35.25,0.5625,0.5625,0.0625,0.125,-0.0625,0.02,0.05,-0.39,0.1,-0.1,9.8
34710,0.12,-0.02,9.37,35.25,0.5625,0.5625,0.125,0.1875,0.0625,0,0.06,-0.46,0.1,-0.1,9.8
34781,0.1,-0.03,9.36,35.25,0.5625,0.5625,0,0,0.0625,0.01,0.09,-0.43,0.1,-0.1,9.8
34849,0.14,-0.03,9.38,35.25,0.5625,0.5625,0.0625,0.1875,0.125,0,0.06,-0.42,0.1,-0.1,9.8
34920,0.11,-0.01,9.36,35.25,0.5625,0.5625,-0.0625,0,0,0.01,0.07,-0.42,0.1,-0.1,9.8
34991,0.11,-0.01,9.37,35.25,0.5625,0.5625,0,-0.1875,0.0625,0.02,0.06,-0.4,0.1,-0.1,9.8
35060,0.11,-0.01,9.37,35.25,0.5625,0.5625,0.0625,-0.0625,0.0625,-0.01,0.07,-0.41,0.1,-0.1,9.8
35131,0.11,-0.02,9.39,35.25,0.5625,0.5625,0,-0.0625,0,0.01,0.06,-0.43,0.1,-0.1,9.8
35201,0.11,-0.02,9.38,35.25,0.5625,0.5625,-0.0625,-0.125,0,0.03,0.08,-0.41,0.1,-0.1,9.8
35271,0.11,-0.02,9.38,35.25,0.5625,0.5625,-0.0625,-0.125,0,0.01,0.08,-0.44,0.1,-0.1,9.8
35342,0.12,-0.02,9.39,35.25,0.5625,0.5625,-0.0625,-0.0625,-0.0625,0.01,0.07,-0.4,0.1,-0.1,9.8
35411,0.11,0,9.38,35.25,0.5625,0.5625,0,-0.1875,0.0625,0.01,0.08,-0.41,0.1,-0.1,9.8
35481,0.13,-0.04,9.38,35.25,0.5625,0.5625,-0.0625,0.0625,-0.125,0.02,0.09,-0.42,0.1,-0.1,9.8
35552,0.12,-0.02,9.37,35.25,0.5625,0.5625,0.0625,0,-0.125,0,0.07,-0.41,0.1,-0.1,9.8
35621,0.11,-0.02,9.36,35.25,0.5625,0.5625,0.0625,-0.125,-0.125,0.02,0.07,-0.42,0.1,-0.1,9.8
35692,0.12,-0.02,9.34,35.25,0.5625,0.5625,0,-0.125,0,0,0.05,-0.41,0.1,-0.1,9.8
35762,0.11,-0.01,9.39,35.25,0.5625,0.5625,0,-0.0625,-0.0625,0,0.07,-0.43,0.1,-0.1,9.8
35832,0.13,-0.01,9.36,35.25,0.5625,0.5625,0.0625,-0.125,-0.0625,0.02,0.08,-0.41,0.1,-0.1,9.8
35902,0.11,-0.03,9.37,35.25,0.5625,0.5625,0,0.25,0,0,0.06,-0.39,0.1,-0.1,9.8
35973,0.13,-0.02,9.4,35.25,0.5625,0.5625,0,0.25,-0.0625,0.03,0.07,-0.42,0.1,-0.1,9.8
36042,0.11,-0.02,9.38,35.25,0.5625,0.5625,-0.125,0.125,0,0.03,0.07,-0.42,0.1,-0.1,9.8
36113,0.1,-0.02,9.4,35.25,0.5625,0.5625,0.0625,-0.0625,0.125,0.02,0.06,-0.41,0.1,-0.1,9.8
36183,0.1,-0.04,9.37,35.25,0.5625,0.5625,0,0,-0.0625,0.01,0.07,-0.41,0.1,-0.1,9.8
36252,0.12,-0.02,9.39,35.25,0.5625,0.5625,-0.1875,-0.0625,0,0,0.09,-0.42,0.1,-0.1,9.8
36323,0.11,-0.01,9.38,35.25,0.5625,0.5625,0.1875,0.125,0,0.04,0.04,-0.43,0.1,-0.1,9.8
36393,0.09,0,9.39,35.25,0.5625,0.5625,0.0625,0,0.0625,0.03,0.1,-0.42,0.1,-0.1,9.8
36463,0.11,-0.05,9.39,35.25,0.5625,0.5625,0,-0.0625,0.0625,0.01,0.06,-0.42,0.1,-0.1,9.8
36533,0.1,-0.05,9.38,35.25,0.5625,0.5625,-0.0625,0.125,0.0625,0.02,0.06,-0.42,0.1,-0.1,9.8
36603,0.11,-0.02,9.38,35.25,0.5625,0.5625,0,-0.0625,-0.0625,0.01,0.1,-0.42,0.1,-0.1,9.8
36673,0.11,-0.05,9.38,35.25,0.5625,0.5625,-0.125,-0.1875,0.125,0,0.06,-0.45,0.1,-0.1,9.8
36744,0.13,0,9.37,35.25,0.5625,0.5625,0,0,0,0.02,0.08,-0.42,0.1,-0.1,9.8
36813,0.11,-0.02,9.39,35.25,0.5625,0.5625,0,-0.0625,0.0625,0.02,0.07,-0.41,0.1,-0.1,9.8
36884,0.11,-0.02,9.37,35.25,0.5625,0.5625,-0.0625,0.0625,0,0.01,0.07,-0.45,0.1,-0.1,9.8
36954,0.12,-0.03,9.4,35.25,0.5625,0.5625,0.125,0,0.0625,0.03,0.07,-0.43,0.1,-0.1,9.8
37024,0.12,-0.01,9.37,35.25,0.5625,0.5625,0,0.1875,-0.125,0.03,0.07,-0.44,0.1,-0.1,9.8
37094,0.11,-0.03,9.4,35.25,0.5625,0.5625,0.0625,0,-0.125,0.01,0.06,-0.39,0.1,-0.1,9.8
37165,0.11,-0.02,9.4,35.25,0.5625,0.5625,0.125,0.0625,-0.0625,0,0.08,-0.43,0.1,-0.1,9.8
37234,0.12,-0.03,9.36,35.25,0.5625,0.5625,0.125,0.125,-0.0625,0.01,0.07,-0.42,0.1,-0.1,9.8
37305,0.11,-0.02,9.39,35.25,0.5625,0.5625,0.0625,-0.0625,-0.0625,0.02,0.06,-0.4,0.1,-0.1,9.8
37374,0.12,-0.01,9.4,35.25,0.5625,0.5625,0,0,-0.125,0.02,0.06,-0.46,0.1,-0.1,9.8
37445,0.13,-0.02,9.38,35.25,0.5625,0.5625,-0.0625,0,0,0.02,0.06,-0.42,0.1,-0.1,9.8
37515,0.12,-0.01,9.38,35.25,0.5625,0.5625,0,-0.0625,0,0.03,0.09,-0.41,0.1,-0.1,9.8
37585,0.07,0,9.34,35.25,0.5625,0.5625,-0.0625,-0.1875,0.0625,-0.01,0.06,-0.42,0.1,-0.1,9.8
37655,0.13,-0.03,9.38,35.25,0.5625,0.5625,-0.0625,-0.125,0.0625,0.02,0.03,-0.42,0.1,-0.1,9.8
37725,0.14,-0.01,9.39,35.25,0.5625,0.5625,-0.125,-0.0625,0,0.01,0.07,-0.43,0.1,-0.1,9.8
37795,0.1,-0.04,9.37,35.25,0.5625,0.5625,-0.125,0.0625,0.0625,0,0.07,-0.42,0.1,-0.1,9.8
37865,0.13,-0.03,9.37,35.25,0.5625,0.5625,0,0,0,0.02,0.06,-0.4,0.1,-0.1,9.8
37936,0.13,-0.03,9.37,35.25,0.5625,0.5625,0,0.25,0,0.04,0.09,-0.42,0.1,-0.1,9.8
38005,0.11,-0.03,9.37,35.25,0.5625,0.5625,0.0625,-0.125,0,0.01,0.08,-0.42,0.1,-0.1,9.8
38076,0.13,-0.02,9.36,35.25,0.5625,0.5625,0,0.125,0.0625,0.03,0.07,-0.42,0.1,-0.1,9.8
38146,0.1,-0.03,9.37,35.25,0.5625,0.5625,0,0,-0.125,0,0.06,-0.41,0.1,-0.1,9.8
38216,0.1,-0.01,9.39,35.25,0.5625,0.5625,0,0.0625,-0.125,0.01,0.06,-0.44,0.1,-0.1,9.8
38286,0.11,0,9.35,35.25,0.5625,0.5625,-0.0625,0.0625,-0.0625,0.01,0.09,-0.44,0.1,-0.1,9.8
38355,0.12,-0.02,9.39,35.25,0.5625,0.5625,0,-0.0625,-0.125,0.02,0.07,-0.42,0.1,-0.1,9.8
38426,0.13,0,9.39,35.25,0.5625,0.5625,0,0.125,0,0.03,0.06,-0.43,0.1,-0.1,9.8
38497,0.11,-0.05,9.37,35.25,0.5625,0.5625,0,0.1875,0,0.03,0.07,-0.38,0.1,-0.1,9.8
38566,0.13,-0.03,9.39,35.25,0.5625,0.5625,0,0.0625,-0.1875,0.02,0.07,-0.41,0.1,-0.1,9.8
38637,0.12,0,9.37,35.25,0.5625,0.5625,0.0625,0,0.0625,0.01,0.07,-0.42,0.1,-0.1,9.8
38707,0.11,-0.04,9.39,35.25,0.5625,0.5625,-0.125,0.125,0.0625,0.01,0.05,-0.43,0.1,-0.1,9.8
38776,0.11,-0.01,9.34,35.25,0.5625,0.5625,-0.0625,0.25,0.0625,0.01,0.07,-0.44,0.1,-0.1,9.8
38847,0.11,-0.02,9.36,35.25,0.5625,0.5625,0.0625,-0.0625,0.0625,0.03,0.09,-0.39,0.1,-0.1,9.8
38918,0.12,-0.04,9.4,35.25,0.5625,0.5625,0.0625,0.125,-0.125,0.02,0.06,-0.43,0.1,-0.1,9.8
38987,0.1,-0.01,9.36,35.25,0.5625,0.5625,0,0,-0.125,0.01,0.06,-0.42,0.1,-0.1,9.8
39057,0.11,-0.01,9.38,35.25,0.5625,0.5625,-0.1875,0.0625,-0.0625,0.02,0.07,-0.4,0.1,-0.1,9.8
39128,0.1,0,9.39,35.25,0.5625,0.5625,0.0625,-0.125,0,0.01,0.07,-0.42,0.1,-0.1,9.8
39197,0.13,-0.02,9.39,35.25,0.5625,0.5625,-0.125,0.0625,-0.1875,0.02,0.06,-0.42,0.1,-0.1,9.8
39268,0.13,-0.02,9.41,35.25,0.5625,0.5625,-0.125,-0.0625,0.0625,0.01,0.08,-0.4,0.1,-0.1,9.8
39337,0.1,-0.05,9.39,35.25,0.5625,0.5625,0.125,-0.0625,0,0.01,0.07,-0.43,0.1,-0.1,9.8
39407,0.1,-0.03,9.39,35.25,0.5625,0.5625,0,0,0,0.02,0.09,-0.41,0.1,-0.1,9.8
39478,0.11,-0.03,9.4,35.25,0.5625,0.5625,0,0.1875,-0.125,0.01,0.08,-0.43,0.1,-0.1,9.8
39548,0.11,-0.05,9.39,35.25,0.5625,0.5625,0,0.0625,0,0.04,0.06,-0.42,0.1,-0.1,9.8
39618,0.12,-0.01,9.39,35.25,0.5625,0.5625,-0.0625,0.1875,0,0,0.1,-0.42,0.1,-0.1,9.8
39689,0.12,-0.01,9.36,35.25,0.5625,0.5625,0,0,-0.125,0.01,0.06,-0.42,0.1,-0.1,9.8
39758,0.1,-0.03,9.4,35.25,0.5625,0.5625,-0.0625,0.0625,0,0,0.09,-0.41,0.1,-0.1,9.8
39828,0.11,-0.02,9.38,35.25,0.5625,0.5625,-0.0625,0.1875,0,0.01,0.07,-0.41,0.1,-0.1,9.8
39899,0.1,-0.02,9.4,35.25,0.5625,0.5625,0,-0.125,-0.0625,0,0.06,-0.41,0.1,-0.1,9.8
39968,0.11,-0.03,9.38,35.25,0.5625,0.5625,0,-0.0625,0.125,0,0.08,-0.4,0.1,-0.1,9.8
40039,0.13,0,9.36,35.25,0.5625,0.5625,-0.0625,0.125,0.0625,0.05,0.08,-0.45,0.1,-0.1,9.8
40109,0.07,-0.03,9.36,35.25,0.5625,0.5625,0,-0.25,-0.0625,0,0.06,-0.44,0.1,-0.1,9.8
40179,0.1,0,9.36,35.25,0.5625,0.5625,-0.125,0.125,-0.0625,-0.01,0.07,-0.42,0.1,-0.1,9.8
40250,0.14,-0.04,9.36,35.25,0.5625,0.5625,0.0625,-0.125,0.0625,0.03,0.06,-0.41,0.1,-0.1,9.8
40320,0.09,-0.04,9.39,35.25,0.5625,0.5625,0,-0.1875,0,0,0.07,-0.41,0.1,-0.1,9.8
40389,0.12,0,9.35,35.25,0.5625,0.5625,0,0.0625,0.125,0.01,0.06,-0.42,0.1,-0.1,9.8
40460,0.14,-0.01,9.4,35.25,0.5625,0.5625,0.0625,0.0625,-0.0625,0.05,0.07,-0.41,0.1,-0.1,9.8
40529,0.1,-0.02,9.36,35.25,0.5625,0.5625,0.0625,0.0625,-0.0625,0.01,0.08,-0.44,0.1,-0.1,9.8
40600,0.1,-0.03,9.38,35.25,0.5625,0.5625,0,0,-0.0625,0.02,0.07,-0.42,0.1,-0.1,9.8
40670,0.13,-0.01,9.39,35.25,0.5625,0.5625,-0.0625,0.25,-0.125,0,0.08,-0.4,0.1,-0.1,9.8
40740,0.12,-0.03,9.36,35.25,0.5625,0.5625,0,0,0,0.02,0.06,-0.42,0.1,-0.1,9.8
40810,0.1,-0.01,9.38,35.25,0.5625,0.5625,-0.0625,0.1875,-0.0625,-0.01,0.06,-0.41,0.1,-0.1,9.8
40880,0.13,-0.02,9.37,35.25,0.5625,0.5625,-0.0625,0.0625,-0.125,0.03,0.09,-0.42,0.1,-0.1,9.8
40950,0.12,-0.02,9.38,35.25,0.5625,0.5625,-0.0625,0,-0.125,0.01,0.1,-0.41,0.1,-0.1,9.8
41021,0.11,-0.03,9.39,35.25,0.5625,0.5625,0.0625,0,0,0.01,0.06,-0.41,0.1,-0.1,9.8
41091,0.13,-0.02,9.38,35.25,0.5625,0.5625,0.0625,-0.125,0.0625,0.04,0.06,-0.42,0.1,-0.1,9.8
41160,0.14,-0.02,9.39,35.25,0.5625,0.5625,0.0625,-0.125,0.0625,0.01,0.07,-0.42,0.1,-0.1,9.8
41231,0.11,-0.03,9.39,35.25,0.5625,0.5625,0,-0.125,-0.0625,0,0.06,-0.42,0.1,-0.1,9.8
41300,0.12,-0.02,9.38,35.25,0.5625,0.5625,-0.125,0.1875,-0.0625,0.01,0.06,-0.41,0.1,-0.1,9.8
41371,0.11,-0.02,9.38,35.25,0.5625,0.5625,0.0625,0.125,0.0625,0.01,0.06,-0.43,0.1,-0.1,9.8
41441,0.11,-0.01,9.39,35.25,0.5625,0.5625,0.0625,0.0625,0.125,0.02,0.08,-0.45,0.1,-0.1,9.8
41511,0.12,-0.03,9.37,35.25,0.5625,0.5625,-0.0625,0.0625,-0.0625,0.03,0.07,-0.4,0.1,-0.1,9.8
41581,0.12,-0.03,9.38,35.25,0.5625,0.5625,0.125,-0.0625,0.125,0,0.07,-0.43,0.1,-0.1,9.8
41652,0.12,-0.01,9.38,35.25,0.5625,0.5625,0,-0.125,0,0.02,0.06,-0.42,0.1,-0.1,9.8
41721,0.12,-0.01,9.36,35.25,0.5625,0.5625,0,-0.0625,0.1875,0.02,0.07,-0.43,0.1,-0.1,9.8
41792,0.12,-0.03,9.36,35.25,0.5625,0.5625,-0.0625,0.0625,0,0,0.06,-0.42,0.1,-0.1,9.8
41862,0.11,-0.02,9.39,35.25,0.5625,0.5625,0.0625,-0.125,0.125,0,0.07,-0.41,0.1,-0.1,9.8
41931,0.11,-0.01,9.38,35.25,0.5625,0.5625,-0.0625,0.0625,0.0625,0.02,0.06,-0.42,0.1,-0.1,9.8
42002,0.1,-0.02,9.38,35.25,0.5625,0.5625,0.125,0.1875,-0.125,0.01,0.05,-0.43,0.1,-0.1,9.8
42073,0.12,-0.03,9.39,35.25,0.5625,0.5625,0,0,0.1875,0.03,0.06,-0.41,0.1,-0.1,9.8
42142,0.11,-0.01,9.37,35.25,0.5625,0.5625,0.125,-0.0625,0,0.01,0.07,-0.4,0.1,-0.1,9.8
42212,0.11,-0.03,9.4,35.25,0.5625,0.5625,0.0625,0,0,0,0.05,-0.41,0.1,-0.1,9.8
42283,0.15,-0.03,9.39,35.25,0.5625,0.5625,0,0.0625,0.0625,0.03,0.09,-0.43,0.1,-0.1,9.8
42353,0.11,-0.05,9.35,35.25,0.5625,0.5625,0.0625,0.0625,0,0.03,0.07,-0.4,0.1,-0.1,9.8
42423,0.11,-0.03,9.39,35.25,0.5625,0.5625,0.0625,-0.0625,-0.0625,0,0.04,-0.4,0.1,-0.1,9.8
42492,0.13,-0.02,9.33,35.25,0.5625,0.5625,0.0625,0.0625,0,0.03,0.06,-0.42,0.1,-0.1,9.8
42563,0.11,-0.01,9.4,35.25,0.5625,0.5625,-0.0625,0.0625,-0.0625,0.01,0.06,-0.43,0.1,-0.1,9.8
42633,0.08,-0.01,9.38,35.25,0.5625,0.5625,-0.0625,0,0,-0.01,0.06,-0.42,0.1,-0.1,9.8
42703,0.15,-0.01,9.36,35.25,0.5625,0.5625,0,0,0.125,0.05,0.08,-0.43,0.1,-0.1,9.8
42773,0.11,-0.02,9.38,35.25,0.5625,0.5625,-0.0625,0.1875,-0.0625,0,0.06,-0.4,0.1,-0.1,9.8
42844,0.11,-0.01,9.36,35.25,0.5625,0.5625,0.0625,-0.1875,-0.125,0,0.05,-0.42,0.1,-0.1,9.8
42913,0.11,-0.03,9.39,35.25,0.5625,0.5625,-0.125,-0.125,0,0,0.06,-0.4,0.1,-0.1,9.8
42984,0.12,-0.01,9.39,35.25,0.5625,0.5625,0.0625,0.125,-0.0625,0.03,0.05,-0.44,0.1,-0.1,9.8
43054,0.1,-0.02,9.38,35.25,0.5625,0.5625,-0.0625,0,0,0.01,0.08,-0.4,0.1,-0.1,9.8
43124,0.11,-0.03,9.4,35.25,0.5625,0.5625,0,0,-0.0625,0,0.07,-0.4,0.1,-0.1,9.8
43194,0.14,-0.01,9.35,35.25,0.5625,0.5625,0,0,-0.0625,0.03,0.07,-0.4,0.1,-0.1,9.8
43264,0.13,-0.02,9.38,35.25,0.5625,0.5625,0.0625,0.125,-0.0625,0,0.07,-0.41,0.1,-0.1,9.8
43334,0.12,-0.04,9.37,35.25,0.5625,0.5625,0,-0.125,-0.0625,0,0.07,-0.45,0.1,-0.1,9.8
43404,0.13,-0.03,9.39,35.25,0.5625,0.5625,0,0.0625,0,0.06,0.06,-0.42,0.1,-0.1,9.8
43474,0.11,0,9.39,35.25,0.5625,0.5625,0.125,-0.125,-0.0625,0.03,0.07,-0.42,0.1,-0.1,9.8
43544,0.1,-0.03,9.36,35.25,0.5625,0.5625,0.0625,-0.125,0.0625,0,0.07,-0.43,0.1,-0.1,9.8
43615,0.12,-0.03,9.36,35.25,0.5625,0.5625,-0.0625,0.25,0,0,0.06,-0.41,0.1,-0.1,9.8
43684,0.12,-0.03,9.36,35.25,0.5625,0.5625,0,-0.1875,0.0625,0.02,0.1,-0.44,0.1,-0.1,9.8
43755,0.11,-0.02,9.38,35.25,0.5625,0.5625,-0.0625,0.1875,0.0625,0.01,0.07,-0.42,0.1,-0.1,9.8
43825,0.12,-0.03,9.4,35.25,0.5625,0.5625,0,-0.0625,0.1875,0,0.06,-0.43,0.1,-0.1,9.8
43895,0.14,0,9.37,35.25,0.5625,0.5625,-0.0625,0.0625,0.125,0.03,0.07,-0.41,0.1,-0.1,9.8
43965,0.09,-0.02,9.39,35.25,0.5625,0.5625,0.0625,0.125,0.1875,0.02,0.08,-0.42,0.1,-0.1,9.8
44036,0.12,-0.03,9.38,35.25,0.5625,0.5625,-0.0625,0,0,0.02,0.09,-0.44,0.1,-0.1,9.8
44105,0.11,-0.03,9.39,35.25,0.5625,0.5625,-0.0625,0,0.0625,0,0.08,-0.41,0.1,-0.1,9.8
44176,0.14,-0.03,9.39,35.25,0.5625,0.5625,-0.0625,-0.1875,0.125,0.03,0.07,-0.43,0.1,-0.1,9.8
44246,0.13,-0.04,9.36,35.25,0.5625,0.5625,0,-0.125,0.0625,0.01,0.08,-0.42,0.1,-0.1,9.8
44315,0.12,-0.01,9.39,35.25,0.5625,0.5625,-0.0625,-0.0625,0.125,0.01,0.06,-0.4,0.1,-0.1,9.8
44386,0.13,-0.02,9.37,35.25,0.5625,0.5625,-0.0625,0,0,0.02,0.08,-0.43,0.1,-0.1,9.8
44456,0.11,-0.04,9.38,35.25,0.5625,0.5625,0.0625,-0.25,0.125,0.01,0.06,-0.42,0.1,-0.1,9.8
44526,0.11,-0.01,9.38,35.25,0.5625,0.5625,0.0625,-0.0625,0.125,0.03,0.11,-0.42,0.1,-0.1,9.8
44596,0.12,-0.06,9.36,35.25,0.5625,0.5625,-0.0625,-0.0625,0.0625,0,0.03,-0.41,0.1,-0.1,9.8
44666,0.13,0,9.39,35.25,0.5625,0.5625,0,-0.125,-0.0625,0.02,0.07,-0.39,0.1,-0.1,9.8
44736,0.11,-0.03,9.39,35.25,0.5625,0.5625,0,0,-0.125,0.03,0.07,-0.44,0.1,-0.1,9.8
44807,0.12,-0.04,9.39,35.25,0.5625,0.5625,0.0625,-0.125,0.0625,0.03,0.08,-0.4,0.1,-0.1,9.8
44876,0.11,-0.01,9.4,35.25,0.5625,0.5625,0.125,0.0625,0.0625,0.01,0.05,-0.4,0.1,-0.1,9.8
44947,0.13,0.04,9.37,35.25,0.5625,0.5625,0.0625,0,0.0625,0.02,0.14,-0.43,0.1,-0.1,9.8
45017,0.14,-0.06,9.39,35.25,0.5625,0.5625,0,-0.0625,0,0.06,0.03,-0.42,0.1,-0.1,9.8
45086,0.1,0,9.37,35.25,0.5625,0.5625,0.0625,0.0625,-0.125,0.01,0.07,-0.44,0.1,-0.1,9.8
45157,0.09,0,9.38,35.25,0.5625,0.5625,0,-0.0625,0.125,0,0.11,-0.42,0.1,-0.1,9.8
45228,0.11,-0.03,9.41,35.25,0.5625,0.5625,0,0,0.0625,0,0.05,-0.44,0.1,-0.1,9.8
45297,0.12,0,9.38,35.25,0.5625,0.5625,-0.0625,0.1875,0.125,0.02,0.08,-0.42,0.1,-0.1,9.8
45367,0.1,-0.03,9.4,35.25,0.5625,0.5625,0.0625,0,0.0625,0.01,0.05,-0.43,0.1,-0.1,9.8
45437,0.13,-0.01,9.36,35.25,0.5625,0.5625,-0.0625,0.0625,-0.0625,0.02,0.06,-0.43,0.1,-0.1,9.8
45507,0.12,0,9.41,35.25,0.5625,0.5625,0.0625,0.0625,0.0625,0.03,0.1,-0.42,0.1,-0.1,9.8
45578,0.1,-0.04,9.4,35.25,0.5625,0.5625,0.0625,-0.0625,0.125,0.02,0.07,-0.44,0.1,-0.1,9.8
45647,0.11,-0.01,9.37,35.25,0.5625,0.5625,0.0625,-0.125,-0.125,0.01,0.09,-0.42,0.1,-0.1,9.8
45718,0.12,0,9.39,35.25,0.5625,0.5625,0.1875,-0.0625,0,0.02,0.07,-0.38,0.1,-0.1,9.8
45788,0.12,-0.03,9.39,35.25,0.5625,0.5625,0,0.0625,0.0625,0.01,0.06,-0.42,0.1,-0.1,9.8
45858,0.13,0,9.4,35.25,0.5625,0.5625,0,0.125,-0.0625,0.03,0.07,-0.41,0.1,-0.1,9.8
45928,0.12,-0.02,9.4,35.25,0.5625,0.5625,0,0,-0.125,0.03,0.08,-0.42,0.1,-0.1,9.8
45999,0.12,-0.01,9.36,35.25,0.5625,0.5625,-0.0625,0.0625,0,0.01,0.08,-0.43,0.1,-0.1,9.8
46068,0.13,-0.02,9.39,35.25,0.5625,0.5625,0,-0.125,0.0625,0,0.07,-0.41,0.1,-0.1,9.8
46138,0.13,-0.01,9.4,35.25,0.5625,0.5625,-0.0625,0.125,0,0.02,0.06,-0.45,0.1,-0.1,9.8
46209,0.1,0,9.39,35.25,0.5625,0.5625,-0.0625,0.1875,0,0.01,0.08,-0.42,0.1,-0.1,9.8
46279,0.11,-0.01,9.37,35.25,0.5625,0.5625,-0.0625,0.0625,0,0.03,0.07,-0.42,0.1,-0.1,9.8
46349,0.13,-0.05,9.37,35.25,0.5625,0.5625,-0.0625,0.125,-0.125,0.03,0.05,-0.4,0.1,-0.1,9.8
46418,0.12,-0.01,9.35,35.25,0.5625,0.5625,0.125,-0.0625,0,0.01,0.07,-0.4,0.1,-0.1,9.8
46489,0.09,-0.04,9.39,35.25,0.5625,0.5625,0.0625,0.1875,-0.1875,-0.02,0.07,-0.45,0.1,-0.1,9.8
46560,0.17,0,9.36,35.25,0.5625,0.5625,0,-0.0625,-0.125,0.07,0.08,-0.41,0.1,-0.1,9.8
46629,0.11,0,9.38,35.25,0.5625,0.5625,-0.0625,-0.0625,0.0625,0.06,0.09,-0.41,0.1,-0.1,9.8
46699,0.09,-0.01,9.37,35.25,0.5625,0.5625,0.0625,0.0625,-0.125,0.01,0.07,-0.42,0.1,-0.1,9.8
46770,0.11,-0.01,9.38,35.25,0.5625,0.5625,0.1875,0,-0.0625,0,0.08,-0.42,0.1,-0.1,9.8
46839,0.1,-0.06,9.37,35.25,0.5625,0.5625,0,0.125,0.0625,0.02,0.06,-0.41,0.1,-0.1,9.8
46910,0.1,0,9.4,35.25,0.5625,0.5625,-0.0625,0,0,-0.01,0.06,-0.42,0.1,-0.1,9.8
46980,0.11,0,9.37,35.25,0.5625,0.5625,0,-0.0625,0.0625,0,0.07,-0.42,0.1,-0.1,9.8
47050,0.12,-0.03,9.38,35.25,0.5625,0.5625,0.0625,-0.0625,-0.0625,0.02,0.07,-0.41,0.1,-0.1,9.8
47120,0.11,-0.02,9.36,35.25,0.5625,0.5625,-0.0625,0,0.125,0.02,0.08,-0.44,0.1,-0.1,9.8
47190,0.11,-0.04,9.39,35.25,0.5625,0.5625,0,0,0.0625,0,0.07,-0.41,0.1,-0.1,9.8
47260,0.12,0,9.37,35.25,0.5625,0.5625,-0.0625,0,0.125,0.04,0.08,-0.41,0.1,-0.1,9.8
47331,0.1,-0.02,9.38,35.25,0.5625,0.5625,-0.1875,0.0625,0,0.01,0.07,-0.41,0.1,-0.1,9.8
47400,0.09,-0.03,9.36,35.25,0.5625,0.5625,0,0,0.125,0.01,0.06,-0.41,0.1,-0.1,9.8
47470,0.12,-0.02,9.39,35.25,0.5625,0.5625,0,-0.0625,-0.0625,0.04,0.06,-0.38,0.1,-0.1,9.8
47541,0.11,0,9.4,35.25,0.5625,0.5625,0,-0.1875,0.0625,0.02,0.1,-0.43,0.1,-0.1,9.8
47611,0.09,-0.02,9.39,35.25,0.5625,0.5625,0.125,0.0625,0.0625,0.01,0.08,-0.4,0.1,-0.1,9.8
47681,0.11,-0.01,9.38,35.25,0.5625,0.5625,0.0625,-0.125,0,0.01,0.05,-0.4,0.1,-0.1,9.8
47751,0.14,0,9.37,35.25,0.5625,0.5625,0.125,-0.125,0,0.03,0.11,-0.43,0.1,-0.1,9.8
47820,0.11,-0.02,9.39,35.25,0.5625,0.5625,0.0625,-0.1875,0.1875,0,0.07,-0.41,0.1,-0.1,9.8
47891,0.1,-0.02,9.39,35.25,0.5625,0.5625,0,-0.3125,-0.125,0,0.09,-0.43,0.1,-0.1,9.8
47962,0.13,-0.07,9.39,35.25,0.5625,0.5625,0.0625,-0.1875,-0.125,0.01,0.02,-0.42,0.1,-0.1,9.8
48031,0.12,0,9.39,35.25,0.5625,0.5625,0,0,-0.0625,0.03,0.09,-0.4,0.1,-0.1,9.8
48102,0.13,0,9.37,35.25,0.5625,0.5625,0,-0.125,0.0625,0.02,0.11,-0.42,0.1,-0.1,9.8
48172,0.14,-0.03,9.39,35.25,0.5625,0.5625,-0.0625,0.25,-0.0625,0.05,0.06,-0.41,0.1,-0.1,9.8
48241,0.11,-0.01,9.41,35.25,0.5625,0.5625,-0.125,0,0,0.01,0.07,-0.45,0.1,-0.1,9.8
48312,0.11,-0.02,9.39,35.25,0.5625,0.5625,-0.0625,0.1875,0.0625,0.02,0.07,-0.42,0.1,-0.1,9.8
48382,0.1,0,9.39,35.25,0.5625,0.5625,0,-0.0625,0,0.01,0.07,-0.43,0.1,-0.1,9.8
48452,0.1,0,9.38,35.25,0.5625,0.5625,-0.125,-0.125,0.0625,0,0.08,-0.41,0.1,-0.1,9.8
48522,0.13,-0.02,9.39,35.25,0.5625,0.5625,0,-0.0625,0,0.03,0.08,-0.39,0.1,-0.1,9.8
48592,0.01,0.06,9.37,35.25,0.5625,0.5625,0,-0.0625,0,0.04,0.02,-0.41,0.1,-0.1,9.8
48662,0.11,-0.04,9.39,35.25,0.5625,0.5625,0.0625,-0.125,0,0.01,0.06,-0.39,0.1,-0.1,9.8
48733,0.16,-0.01,9.38,35.25,0.5625,0.5625,-0.0625,0,0,0.02,0.07,-0.44,0.1,-0.1,9.8
48802,0.13,0,9.38,35.25,0.5625,0.5625,0,-0.0625,0.125,0.03,0.08,-0.39,0.1,-0.1,9.8
48872,0.14,0,9.39,35.25,0.5625,0.5625,0.0625,-0.0625,0,0.06,0.11,-0.42,0.1,-0.1,9.8
48943,0.11,-0.04,9.36,35.25,0.5625,0.5625,-0.0625,0.1875,0.0625,0.03,0.06,-0.44,0.1,-0.1,9.8
49013,0.08,-0.03,9.39,35.25,0.5625,0.5625,0.0625,-0.0625,-0.0625,-0.01,0.07,-0.4,0.1,-0.1,9.8
49083,0.15,-0.01,9.41,35.25,0.5625,0.5625,-0.0625,0.125,-0.0625,0.04,0.06,-0.4,0.1,-0.1,9.8
49154,0.13,-0.01,9.38,35.25,0.5625,0.5625,0,-0.125,0,0.04,0.09,-0.42,0.1,-0.1,9.8
49223,0.09,-0.03,9.39,35.25,0.5625,0.5625,0.125,-0.0625,0,0.01,0.08,-0.4,0.1,-0.1,9.8
49294,0.13,-0.02,9.38,35.25,0.5625,0.5625,0,0.125,-0.0625,0.01,0.07,-0.42,0.1,-0.1,9.8
49363,0.11,0,9.38,35.25,0.5625,0.5625,0.0625,-0.0625,0,0.02,0.06,-0.41,0.1,-0.1,9.8
49434,0.1,-0.01,9.39,35.25,0.5625,0.5625,-0.0625,0.1875,-0.0625,0.01,0.05,-0.39,0.1,-0.1,9.8
49504,0.12,-0.03,9.35,35.25,0.5625,0.5625,0,0,-0.0625,0,0.08,-0.4,0.1,-0.1,9.8
49573,0.14,-0.03,9.38,35.25,0.5625,0.5625,0.0625,0,0.0625,0.03,0.07,-0.41,0.1,-0.1,9.8
49644,0.11,-0.01,9.39,35.25,0.5625,0.5625,-0.125,0.1875,-0.125,0,0.07,-0.41,0.1,-0.1,9.8
49715,0.11,-0.02,9.38,35.25,0.5625,0.5625,0.0625,0,0.125,-0.01,0.06,-0.42,0.1,-0.1,9.8
49784,0.13,-0.02,9.39,35.25,0.5625,0.5625,-0.0625,-0.0625,0,0.03,0.08,-0.41,0.1,-0.1,9.8
49854,0.1,-0.02,9.37,35.25,0.5625,0.5625,0,0,-0.125,0.02,0.12,-0.42,0.1,-0.1,9.8
49925,0.11,-0.02,9.37,35.25,0.5625,0.5625,0.0625,0,-0.0625,0,0.06,-0.42,0.1,-0.1,9.8
49994,0.12,-0.02,9.39,35.25,0.5625,0.5625,-0.0625,-0.25,-0.0625,0.03,0.07,-0.42,0.1,-0.1,9.8
50065,0.11,-0.01,9.36,35.25,0.5625,0.5625,0,0,0.0625,0.01,0.07,-0.42,0.1,-0.1,9.8
50135,0.11,-0.03,9.39,35.25,0.5625,0.5625,0.125,-0.125,0.125,0,0.06,-0.42,0.1,-0.1,9.8
50205,0.14,-0.01,9.38,35.25,0.5625,0.5625,-0.125,0.0625,0.125,0.03,0.06,-0.43,0.1,-0.1,9.8
50275,0.12,-0.02,9.37,35.25,0.5625,0.5625,-0.0625,0.0625,0,0.04,0.06,-0.42,0.1,-0.1,9.8
50345,0.08,-0.02,9.39,35.25,0.5625,0.5625,-0.0625,0,0,-0.01,0.09,-0.47,0.1,-0.1,9.8
50415,0.17,-0.02,9.39,35.25,0.5625,0.5625,-0.0625,0,0,0.04,0.07,-0.42,0.1,-0.1,9.8
50486,0.12,0,9.39,35.25,0.5625,0.5625,0,0,0.1875,0.03,0.06,-0.4,0.1,-0.1,9.8
50555,0.11,-0.01,9.37,35.25,0.5625,0.5625,0,-0.0625,0,0,0.08,-0.43,0.1,-0.1,9.8
50625,0.12,-0.03,9.38,35.25,0.5625,0.5625,-0.0625,0.1875,-0.125,0.01,0.06,-0.39,0.1,-0.1,9.8
50696,0.13,0,9.37,35.25,0.5625,0.5625,0,-0.0625,-0.125,0.03,0.08,-0.42,0.1,-0.1,9.8
50765,0.11,-0.04,9.36,35.25,0.5625,0.5625,-0.125,0.1875,0,0.02,0.08,-0.39,0.1,-0.1,9.8
50836,0.11,0,9.39,35.25,0.5625,0.5625,0.125,0,0,0.02,0.08,-0.42,0.1,-0.1,9.8
50906,0.11,-0.01,9.36,35.25,0.5625,0.5625,0.0625,-0.125,0.0625,0.02,0.08,-0.43,0.1,-0.1,9.8
50976,0.11,-0.02,9.37,35.25,0.5625,0.5625,0,-0.1875,0.0625,0,0.05,-0.41,0.1,-0.1,9.8
51046,0.12,0,9.39,35.25,0.5625,0.5625,0.0625,-0.1875,-0.0625,0.02,0.06,-0.42,0.1,-0.1,9.8
51117,0.11,-0.01,9.38,35.25,0.5625,0.5625,0.0625,-0.0625,0,0.03,0.09,-0.39,0.1,-0.1,9.8
51186,0.12,-0.01,9.38,35.25,0.5625,0.5625,-0.0625,-0.125,-0.0625,0.01,0.07,-0.41,0.1,-0.1,9.8
51257,0.09,-0.01,9.37,35.25,0.5625,0.5625,0,0,-0.0625,0,0.08,-0.42,0.1,-0.1,9.8
51326,0.12,-0.02,9.36,35.25,0.5625,0.5625,0,0,-0.0625,0.02,0.08,-0.42,0.1,-0.1,9.8
51396,0.11,-0.01,9.37,35.25,0.5625,0.5625,0,-0.0625,0.125,0.02,0.08,-0.43,0.1,-0.1,9.8
51467,0.11,-0.03,9.39,35.25,0.5625,0.5625,-0.0625,0.25,-0.0625,0.01,0.09,-0.43,0.1,-0.1,9.8
51536,0.11,-0.01,9.41,35.25,0.5625,0.5625,0,0.125,0.0625,0,0.09,-0.42,0.1,-0.1,9.8
51607,0.11,-0.02,9.38,35.25,0.5625,0.5625,0.125,0,-0.0625,-0.01,0.08,-0.45,0.1,-0.1,9.8
51677,0.12,-0.02,9.39,35.25,0.5625,0.5625,0.0625,0.1875,0,0,0.07,-0.39,0.1,-0.1,9.8
51747,0.11,0.02,9.43,35.25,0.5625,0.5625,0,-0.0625,0.0625,0.01,0.11,-0.4,0.1,-0.1,9.8
51817,0.14,-0.01,9.35,35.25,0.5625,0.5625,-0.125,0.25,-0.0625,0.05,0.09,-0.46,0.1,-0.1,9.8
51888,0.1,-0.05,9.39,35.25,0.5625,0.5625,-0.3125,0.0625,0,0.01,0.01,-0.69,0.1,-0.1,9.8
51957,0.12,0,8.81,35.25,0.5625,0.5625,-0.0625,-0.0625,-0.125,0.02,0.09,-0.13,0.1,-0.1,9.8
52028,0.1,-0.01,9.53,35.25,0.5625,0.5625,-0.0625,-0.125,0,0.02,0.09,-0.56,0.1,-0.1,9.8
52098,0.11,-0.02,9.41,35.25,0.5625,0.5625,0,-0.125,0,0,0.08,-0.43,0.1,-0.1,9.8
52168,0.11,-0.01,9.32,35.25,0.5625,0.5625,-0.0625,0.0625,-0.0625,0,0.07,-0.39,0.1,-0.1,9.8
52238,0.11,0,9.42,35.25,0.5625,0.5625,-0.0625,0.125,-0.0625,0.01,0.06,-0.48,0.1,-0.1,9.8
52308,0.12,0,9.36,35.25,0.5625,0.5625,-0.0625,0,0,0,0.1,-0.4,0.1,-0.1,9.8
52377,0.11,-0.02,9.39,35.25,0.5625,0.5625,0.0625,-0.0625,0,0.02,0.06,-0.41,0.1,-0.1,9.8
52448,0.13,-0.01,9.37,35.25,0.5625,0.5625,0,0,0,0.02,0.07,-0.43,0.1,-0.1,9.8
52518,0.12,-0.03,9.35,35.25,0.5625,0.5625,0.0625,0,0.0625,0.01,0.09,-0.4,0.1,-0.1,9.8
52589,0.11,-0.02,9.37,35.25,0.5625,0.5625,0.0625,0.0625,0.0625,0.02,0.08,-0.43,0.1,-0.1,9.8
52659,0.13,-0.01,9.35,35.25,0.5625,0.5625,-0.0625,0.125,0.0625,0.02,0.07,-0.42,0.1,-0.1,9.8
52729,0.09,-0.03,9.41,35.25,0.5625,0.5625,0.0625,0.0625,0,0.01,0.06,-0.42,0.1,-0.1,9.8
52799,0.12,-0.02,9.4,35.25,0.5625,0.5625,0,0.1875,0.125,0.01,0.07,-0.43,0.1,-0.1,9.8
52870,0.14,0,9.39,35.25,0.5625,0.5625,0.125,-0.125,0.125,0,0.11,-0.42,0.1,-0.1,9.8
52939,0.11,-0.05,9.39,35.25,0.5625,0.5625,0,-0.25,-0.125,0.01,0.06,-0.42,0.1,-0.1,9.8
53010,0.11,-0.01,9.36,35.25,0.5625,0.5625,0,-0.3125,0,0.01,0.1,-0.43,0.1,-0.1,9.8
53080,0.12,-0.01,9.38,35.25,0.5625,0.5625,-0.0625,-0.0625,-0.0625,0.02,0.11,-0.43,0.1,-0.1,9.8
53149,0.1,-0.03,9.35,35.25,0.5625,0.5625,-0.0625,-0.0625,-0.125,0.01,0.07,-0.42,0.1,-0.1,9.8
53220,0.11,-0.04,9.39,35.25,0.5625,0.5625,0,0.125,-0.1875,-0.02,0.06,-0.4,0.1,-0.1,9.8
53289,0.12,0,9.4,35.25,0.5625,0.5625,0.0625,-0.125,0,0.03,0.06,-0.43,0.1,-0.1,9.8
53360,0.13,0,9.38,35.25,0.5625,0.5625,0,0.125,-0.0625,0.01,0.07,-0.41,0.1,-0.1,9.8
53430,0.12,-0.02,9.42,35.25,0.5625,0.5625,0.125,-0.1875,0.0625,0,0.06,-0.42,0.1,-0.1,9.8
53500,0.14,-0.04,9.36,35.25,0.5625,0.5625,0,0,-0.125,0.02,0.07,-0.44,0.1,-0.1,9.8
53570,0.13,-0.01,9.36,35.25,0.5625,0.5625,-0.125,0.125,-0.1875,0.01,0.07,-0.45,0.1,-0.1,9.8
53641,0.12,-0.02,9.41,35.25,0.5625,0.5625,-0.1875,0.125,0.0625,0,0.09,-0.41,0.1,-0.1,9.8
53710,0.13,0,9.35,35.25,0.5625,0.5625,0,0.125,0,0.03,0.06,-0.44,0.1,-0.1,9.8
53781,0.11,0,9.39,35.25,0.5625,0.5625,0,0.0625,0,0.02,0.07,-0.44,0.1,-0.1,9.8
53851,0.11,-0.02,9.37,35.25,0.5625,0.5625,0.0625,0,-0.0625,0.01,0.07,-0.43,0.1,-0.1,9.8
53921,0.14,0,9.38,35.25,0.5625,0.5625,-0.0625,0,0,0.03,0.09,-0.41,0.1,-0.1,9.8
53991,0.11,-0.02,9.39,35.25,0.5625,0.5625,0,-0.0625,0,0.03,0.08,-0.44,0.1,-0.1,9.8
54062,0.09,-0.01,9.36,35.25,0.5625,0.5625,-0.25,0,-0.125,0,0.1,-0.42,0.1,-0.1,9.8
54131,0.11,-0.03,9.39,35.25,0.5625,0.5625,0.0625,-0.0625,-0.0625,0.01,0.08,-0.42,0.1,-0.1,9.8
54202,0.17,0,9.35,35.25,0.5625,0.5625,0.125,-0.125,-0.0625,0.01,0.03,-0.42,0.1,-0.1,9.8
54272,0.11,0,9.4,35.25,0.5625,0.5625,0,0,0,0.01,0.07,-0.4,0.1,-0.1,9.8
54342,0.1,-0.03,9.39,35.25,0.5625,0.5625,0,0.0625,0,0,0.09,-0.42,0.1,-0.1,9.8
54412,0.13,0,9.37,35.25,0.5625,0.5625,0,0.125,-0.125,0.03,0.08,-0.42,0.1,-0.1,9.8
54482,0.13,-0.03,9.38,35.25,0.5625,0.5625,0.0625,-0.125,0.0625,0.05,0.06,-0.4,0.1,-0.1,9.8
54552,0.13,-0.01,9.39,35.25,0.5625,0.5625,0.0625,0,0,0.03,0.08,-0.44,0.1,-0.1,9.8
54623,0.08,-0.02,9.37,35.25,0.5625,0.5625,0.0625,-0.0625,0.0625,-0.01,0.09,-0.42,0.1,-0.1,9.8
54692,0.16,0,9.39,35.25,0.5625,0.5625,0,0,0.0625,0.06,0.09,-0.41,0.1,-0.1,9.8
54763,0.06,-0.07,9.39,35.25,0.5625,0.5625,0,0,0.0625,0,0.04,-0.39,0.1,-0.1,9.8
54833,0.09,-0.02,9.37,35.25,0.5625,0.5625,0,0,0.0625,-0.05,0.06,-0.4,0.1,-0.1,9.8
54903,0.16,0,9.38,35.25,0.5625,0.5625,0,0,-0.0625,0.05,0.08,-0.43,0.1,-0.1,9.8
54973,0.12,-0.02,9.39,35.25,0.5625,0.5625,0.0625,-0.125,-0.0625,0.02,0.08,-0.42,0.1,-0.1,9.8
55044,0.07,-0.03,9.39,35.25,0.5625,0.5625,0,0,-0.125,0.01,0.09,-0.41,0.1,-0.1,9.8
55113,0.12,-0.06,9.36,35.25,0.5625,0.5625,0,0.0625,0,0,0.06,-0.4,0.1,-0.1,9.8
55183,0.14,-0.01,9.38,35.25,0.5625,0.5625,0.0625,0,-0.125,0.07,0.03,-0.4,0.1,-0.1,9.8
55254,0.08,0,9.38,35.25,0.5625,0.5625,0.0625,0,-0.125,0.02,0.11,-0.43,0.1,-0.1,9.8
55324,0.11,-0.04,9.38,35.25,0.5625,0.5625,-0.125,-0.125,0.0625,0.01,0.06,-0.41,0.1,-0.1,9.8
55394,0.11,-0.01,9.39,35.25,0.5625,0.5625,0,0.0625,0.0625,0.03,0.09,-0.4,0.1,-0.1,9.8
55464,0.08,-0.04,9.35,35.25,0.5625,0.5625,-0.0625,0.0625,0,0.01,0.07,-0.4,0.1,-0.1,9.8
55534,0.11,0,9.38,35.25,0.5625,0.5625,0,0.0625,-0.0625,0,0.07,-0.42,0.1,-0.1,9.8
55605,0.13,0,9.36,35.25,0.5625,0.5625,0.0625,-0.0625,0,0.02,0.11,-0.4,0.1,-0.1,9.8
55674,0.11,-0.04,9.36,35.25,0.5625,0.5625,0,-0.125,0,0,0.08,-0.41,0.1,-0.1,9.8
55745,0.13,-0.03,9.39,35.25,0.5625,0.5625,-0.125,-0.125,0.0625,0,0.08,-0.44,0.1,-0.1,9.8
55815,0.14,0,9.37,35.25,0.5625,0.5625,0.0625,0,0.0625,0.01,0.07,-0.42,0.1,-0.1,9.8
55884,0.1,0,9.39,35.25,0.5625,0.5625,0,0,0.0625,0,0.1,-0.4,0.1,-0.1,9.8
55955,0.12,-0.07,9.39,35.25,0.5625,0.5625,-0.0625,0.1875,0,0.01,0.07,-0.41,0.1,-0.1,9.8
56026,0.13,-0.01,9.35,35.25,0.5625,0.5625,-0.125,0,0,0.04,0.08,-0.41,0.1,-0.1,9.8
56095,0.11,0,9.39,35.25,0.5625,0.5625,0,0.125,0.125,0.01,0.09,-0.41,0.1,-0.1,9.8
56166,0.06,-0.04,9.36,35.25,0.5625,0.5625,0.125,0.0625,0.125,0,0.08,-0.43,0.1,-0.1,9.8
56236,0.14,-0.02,9.39,35.25,0.5625,0.5625,0,0.125,-0.125,0.03,0.07,-0.41,0.1,-0.1,9.8
56306,0.13,0,9.38,35.25,0.5625,0.5625,-0.125,-0.0625,-0.0625,0.03,0.07,-0.43,0.1,-0.1,9.8
56376,0.1,-0.01,9.39,35.25,0.5625,0.5625,0.0625,-0.0625,0.0625,0,0.08,-0.41,0.1,-0.1,9.8
56446,0.11,-0.01,9.37,35.25,0.5625,0.5625,-0.0625,0.0625,-0.125,0.01,0.06,-0.41,0.1,-0.1,9.8
56516,0.12,-0.04,9.37,35.25,0.5625,0.5625,0.0625,0,-0.0625,0.02,0.05,-0.42,0.1,-0.1,9.8
56587,0.12,0,9.37,35.25,0.5625,0.5625,0,-0.0625,0,0.02,0.08,-0.41,0.1,-0.1,9.8
56656,0.11,0,9.37,35.25,0.5625,0.5625,0,0.125,-0.0625,0.03,0.09,-0.42,0.1,-0.1,9.8
56727,0.11,-0.03,9.39,35.25,0.5625,0.5625,0.0625,-0.125,0,0,0.09,-0.41,0.1,-0.1,9.8
56797,0.11,-0.03,9.39,35.25,0.5625,0.5625,0,0,0.0625,0.01,0.06,-0.41,0.1,-0.1,9.8
56867,0.11,-0.02,9.35,35.25,0.5625,0.5625,-0.125,0.125,-0.0625,0.01,0.09,-0.44,0.1,-0.1,9.8
56937,0.13,0,9.37,35.25,0.5625,0.5625,-0.0625,-0.1875,0,0.02,0.08,-0.4,0.1,-0.1,9.8
57008,0.11,-0.04,9.37,35.25,0.5625,0.5625,-0.0625,0.0625,0,0,0.06,-0.46,0.1,-0.1,9.8
57077,0.11,-0.01,9.39,35.25,0.5625,0.5625,0.0625,-0.0625,0.0625,0.01,0.1,-0.42,0.1,-0.1,9.8
57148,0.14,-0.01,9.39,35.25,0.5625,0.5625,0.0625,0.125,-0.0625,0.02,0.1,-0.42,0.1,-0.1,9.8
57218,0.12,-0.01,9.36,35.25,0.5625,0.5625,-0.0625,0.0625,0.125,0.01,0.07,-0.42,0.1,-0.1,9.8
57288,0.12,0,9.41,35.25,0.5625,0.5625,0.0625,0.0625,0.0625,0.02,0.09,-0.4,0.1,-0.1,9.8
57358,0.11,-0.02,9.39,35.25,0.5625,0.5625,0.0625,0,0.125,0,0.06,-0.43,0.1,-0.1,9.8
57428,0.12,-0.01,9.38,35.25,0.5625,0.5625,0,0.125,-0.0625,0.02,0.06,-0.39,0.1,-0.1,9.8
57498,0.11,-0.01,9.4,35.25,0.5625,0.5625,-0.125,0,0.125,0.01,0.09,-0.42,0.1,-0.1,9.8
57569,0.1,-0.01,9.37,35.25,0.5625,0.5625,0.125,0,-0.0625,0.02,0.07,-0.4,0.1,-0.1,9.8
57638,0.12,-0.02,9.38,35.25,0.5625,0.5625,0.0625,0,-0.0625,0.02,0.08,-0.4,0.1,-0.1,9.8
57709,0.11,-0.01,9.38,35.25,0.5625,0.5625,0.0625,0,0,0.01,0.07,-0.43,0.1,-0.1,9.8
57779,0.11,0,9.37,35.25,0.5625,0.5625,0,0,0,0,0.06,-0.41,0.1,-0.1,9.8
57849,0.11,-0.01,9.39,35.25,0.5625,0.5625,-0.0625,-0.0625,0.0625,0.01,0.13,-0.44,0.1,-0.1,9.8
57919,0.11,-0.01,9.37,35.25,0.5625,0.5625,-0.125,0.0625,0,0.01,0.09,-0.42,0.1,-0.1,9.8
57989,0.11,0,9.36,35.25,0.5625,0.5625,-0.0625,0.125,-0.125,0.03,0.06,-0.4,0.1,-0.1,9.8
58059,0.13,0,9.39,35.25,0.5625,0.5625,-0.0625,0,0,0.02,0.07,-0.43,0.1,-0.1,9.8
58130,0.12,-0.01,9.4,35.25,0.5625,0.5625,-0.125,0.0625,-0.125,0.01,0.06,-0.4,0.1,-0.1,9.8
58200,0.1,-0.01,9.38,35.25,0.5625,0.5625,-0.0625,-0.125,0.1875,0.02,0.07,-0.44,0.1,-0.1,9.8
58270,0.14,-0.02,9.38,35.25,0.5625,0.5625,-0.0625,-0.0625,0,0.01,0.1,-0.43,0.1,-0.1,9.8
58340,0.11,-0.03,9.38,35.25,0.5625,0.5625,0,0.1875,-0.125,0.01,0.06,-0.4,0.1,-0.1,9.8
58411,0.12,0,9.37,35.25,0.5625,0.5625,-0.125,0.1875,0.125,0,0.06,-0.43,0.1,-0.1,9.8
58480,0.11,0,9.37,35.25,0.5625,0.5625,0,-0.1875,0.1875,0.01,0.1,-0.4,0.1,-0.1,9.8
58551,0.12,-0.03,9.4,35.25,0.5625,0.5625,-0.0625,0,0.0625,0.03,0.06,-0.41,0.1,-0.1,9.8
58620,0.12,-0.03,9.36,35.25,0.5625,0.5625,0,0.0625,0.0625,0.03,0.07,-0.41,0.1,-0.1,9.8
58690,0.11,-0.01,9.41,35.25,0.5625,0.5625,-0.125,-0.0625,0.0625,0,0.08,-0.42,0.1,-0.1,9.8
58761,0.11,-0.02,9.39,35.25,0.5625,0.5625,0.125,-0.25,0,0.02,0.06,-0.44,0.1,-0.1,9.8
58831,0.1,-0.01,9.36,35.25,0.5625,0.5625,0.0625,-0.0625,0.25,0.01,0.07,-0.42,0.1,-0.1,9.8
58901,0.11,-0.03,9.36,35.25,0.5625,0.5625,0.125,0,0.0625,0.01,0.04,-0.42,0.1,-0.1,9.8
58972,0.11,0,9.37,35.25,0.5625,0.5625,0.0625,0,-0.125,0.01,0.09,-0.42,0.1,-0.1,9.8
59041,0.1,-0.02,9.38,35.25,0.5625,0.5625,0.0625,-0.0625,0.1875,0,0.06,-0.4,0.1,-0.1,9.8
59112,0.11,-0.01,9.39,35.25,0.5625,0.5625,0.0625,0.0625,-0.0625,0.03,0.09,-0.43,0.1,-0.1,9.8
59182,0.11,-0.02,9.37,35.25,0.5625,0.5625,0,-0.0625,-0.0625,0.02,0.07,-0.42,0.1,-0.1,9.8
59252,0.11,-0.02,9.4,35.25,0.5625,0.5625,0.125,-0.0625,0.125,0.01,0.07,-0.4,0.1,-0.1,9.8
59322,0.11,-0.02,9.39,35.25,0.5625,0.5625,0.1875,-0.125,-0.0625,0.02,0.08,-0.43,0.1,-0.1,9.8
59392,0.12,-0.04,9.39,35.25,0.5625,0.5625,-0.0625,0.125,-0.0625,0.01,0.06,-0.39,0.1,-0.1,9.8
59462,0.14,-0.02,9.38,35.25,0.5625,0.5625,-0.0625,-0.1875,0.0625,0.02,0.07,-0.45,0.1,-0.1,9.8
59533,0.12,0,9.38,35.25,0.5625,0.5625,0,0,-0.0625,0.01,0.07,-0.42,0.1,-0.1,9.8
59602,0.13,-0.04,9.39,35.25,0.5625,0.5625,-0.125,0.0625,0.0625,0,0.06,-0.42,0.1,-0.1,9.8
59673,0.12,0,9.36,35.25,0.5625,0.5625,-0.0625,0.0625,-0.0625,0.01,0.08,-0.42,0.1,-0.1,9.8
59743,0.12,-0.02,9.38,35.25,0.5625,0.5625,-0.0625,0.125,-0.0625,0.04,0.08,-0.42,0.1,-0.1,9.8
59813,0.12,0,9.38,35.25,0.5625,0.5625,0,0.25,-0.125,0,0.08,-0.43,0.1,-0.1,9.8
59883,0.12,-0.03,9.39,35.25,0.5625,0.5625,-0.0625,0.0625,-0.0625,0,0.06,-0.4,0.1,-0.1,9.8
59954,0.11,-0.01,9.39,35.25,0.5625,0.5625,-0.0625,-0.0625,0,0.02,0.08,-0.41,0.1,-0.1,9.8
60023,0.12,-0.02,9.35,35.25,0.5625,0.5625,0,0.125,0,0.03,0.08,-0.42,0.1,-0.1,9.8
60093,0.13,-0.02,9.37,35.25,0.5625,0.5625,0.125,-0.1875,0.0625,0.01,0.07,-0.43,0.1,-0.1,9.8
60164,0.13,-0.01,9.37,35.25,0.5625,0.5625,-0.0625,0.0625,-0.0625,0.01,0.1,-0.44,0.1,-0.1,9.8
60234,0.1,-0.01,9.37,35.25,0.5625,0.5625,-0.0625,-0.0625,0,0,0.07,-0.43,0.1,-0.1,9.8
60304,0.13,-0.04,9.38,35.25,0.5625,0.5625,-0.0625,0,0,0,0.06,-0.42,0.1,-0.1,9.8
60375,0.12,-0.01,9.36,35.25,0.5625,0.5625,-0.125,0,-0.0625,0.01,0.09,-0.42,0.1,-0.1,9.8
60444,0.11,-0.02,9.37,35.25,0.5625,0.5625,-0.1875,0.0625,0,0.01,0.06,-0.43,0.1,-0.1,9.8
60515,0.12,0,9.37,35.25,0.5625,0.5625,0,0.0625,0.0625,0.03,0.08,-0.42,0.1,-0.1,9.8
60584,0.11,0,9.39,35.25,0.5625,0.5625,0,-0.125,0.0625,0.02,0.1,-0.45,0.1,-0.1,9.8
60655,0.12,-0.02,9.41,35.25,0.5625,0.5625,0.0625,0,-0.0625,0.02,0.07,-0.43,0.1,-0.1,9.8
60725,0.12,-0.01,9.37,35.25,0.5625,0.5625,0.0625,-0.125,0.125,0.02,0.08,-0.42,0.1,-0.1,9.8
60795,0.11,-0.04,9.4,35.25,0.5625,0.5625,0,-0.0625,0.0625,0.01,0.06,-0.43,0.1,-0.1,9.8
60865,0.09,-0.03,9.34,35.25,0.5625,0.5625,-0.125,0,-0.0625,0,0.07,-0.44,0.1,-0.1,9.8
60936,0.15,-0.03,9.37,35.25,0.5625,0.5625,-0.0625,0.125,-0.125,0.03,0.09,-0.44,0.1,-0.1,9.8
61005,0.15,-0.01,9.39,35.25,0.5625,0.5625,0.0625,0,0,0.05,0.08,-0.42,0.1,-0.1,9.8
61076,0.1,-0.01,9.38,35.25,0.5625,0.5625,-0.0625,0.0625,0.0625,0,0.07,-0.42,0.1,-0.1,9.8
61146,0.12,-0.01,9.39,35.25,0.5625,0.5625,0,0.125,-0.0625,0.02,0.07,-0.42,0.1,-0.1,9.8
61216,0.12,-0.04,9.39,35.25,0.5625,0.5625,0,-0.1875,-0.0625,0.04,0.05,-0.41,0.1,-0.1,9.8
61286,0.1,-0.01,9.38,35.25,0.5625,0.5625,0,0.125,0.0625,0,0.05,-0.41,0.1,-0.1,9.8
61357,0.13,-0.03,9.38,35.25,0.5625,0.5625,0,0.0625,0,0.02,0.09,-0.42,0.1,-0.1,9.8
61426,0.13,-0.01,9.38,35.25,0.5625,0.5625,-0.0625,0.375,0,0.03,0.05,-0.41,0.1,-0.1,9.8
61496,0.11,-0.02,9.4,35.25,0.5625,0.5625,-0.0625,0.0625,0,0.02,0.06,-0.42,0.1,-0.1,9.8
61566,0.12,-0.01,9.36,35.25,0.5625,0.5625,0,-0.125,0,0,0.07,-0.43,0.1,-0.1,9.8
61637,0.11,-0.02,9.36,35.25,0.5625,0.5625,-0.0625,0.0625,0.125,0,0.08,-0.43,0.1,-0.1,9.8
61707,0.11,-0.04,9.39,35.25,0.5625,0.5625,0,0.0625,0,0.02,0.06,-0.42,0.1,-0.1,9.8
61777,0.12,0,9.38,35.25,0.5625,0.5625,0,0.0625,0.0625,0.02,0.06,-0.39,0.1,-0.1,9.8
61847,0.13,-0.01,9.37,35.25,0.5625,0.5625,0,0,0,0.01,0.09,-0.43,0.1,-0.1,9.8
61918,0.11,-0.02,9.38,35.25,0.5625,0.5625,-0.125,0.0625,0.0625,0.01,0.07,-0.43,0.1,-0.1,9.8
61987,0.11,-0.02,9.37,35.25,0.5625,0.5625,0,-0.0625,0.0625,0.02,0.06,-0.42,0.1,-0.1,9.8
62058,0.11,-0.01,9.39,35.25,0.5625,0.5625,0.125,-0.25,0.0625,0.01,0.09,-0.44,0.1,-0.1,9.8
62128,0.11,-0.03,9.36,35.25,0.5625,0.5625,-0.125,0.0625,0.0625,0.02,0.08,-0.4,0.1,-0.1,9.8
62198,0.11,-0.02,9.36,35.25,0.5625,0.5625,0,0,-0.0625,0.03,0.07,-0.42,0.1,-0.1,9.8
62268,0.11,-0.01,9.39,35.25,0.5625,0.5625,0,0.1875,0,0.02,0.08,-0.44,0.1,-0.1,9.8
62339,0.14,-0.02,9.38,35.25,0.5625,0.5625,0,-0.0625,-0.0625,0,0.06,-0.42,0.1,-0.1,9.8
62408,0.13,-0.01,9.39,35.25,0.5625,0.5625,-0.0625,-0.0625,-0.125,0,0.07,-0.42,0.1,-0.1,9.8
62479,0.13,-0.03,9.37,35.25,0.5625,0.5625,0.125,0,-0.0625,0.03,0.06,-0.42,0.1,-0.1,9.8
62548,0.11,-0.01,9.39,35.25,0.5625,0.5625,-0.0625,0,0,0.03,0.1,-0.42,0.1,-0.1,9.8
62619,0.12,-0.02,9.38,35.25,0.5625,0.5625,-0.1875,0.0625,0.0625,0,0.08,-0.42,0.1,-0.1,9.8
62689,0.11,-0.02,9.39,35.25,0.5625,0.5625,-0.0625,0,-0.0625,0.01,0.08,-0.41,0.1,-0.1,9.8
62759,0.12,-0.02,9.38,35.25,0.5625,0.5625,0.0625,0,-0.0625,0.01,0.09,-0.39,0.1,-0.1,9.8
62829,0.12,-0.04,9.37,35.25,0.5625,0.5625,-0.0625,0.0625,-0.125,0,0.07,-0.44,0.1,-0.1,9.8
62899,0.11,-0.02,9.39,35.25,0.5625,0.5625,0,0.0625,-0.125,0.02,0.09,-0.43,0.1,-0.1,9.8
62969,0.12,-0.02,9.39,35.25,0.5625,0.5625,-0.0625,0.0625,0.0625,0.01,0.07,-0.44,0.1,-0.1,9.8
63040,0.13,-0.03,9.39,35.25,0.5625,0.5625,0.0625,-0.1875,0.0625,0.02,0.06,-0.41,0.1,-0.1,9.8
63110,0.08,0,9.39,35.25,0.5625,0.5625,0.0625,-0.0625,0.0625,0,0.1,-0.38,0.1,-0.1,9.8
63180,0.09,-0.06,9.36,35.25,0.5625,0.5625,0.125,0.0625,0,-0.03,0.04,-0.46,0.1,-0.1,9.8
63250,0.15,-0.01,9.38,35.25,0.5625,0.5625,-0.125,0,-0.0625,0.01,0.02,-0.41,0.1,-0.1,9.8
63321,0.15,0,9.33,35.25,0.5625,0.5625,0.0625,0,-0.0625,0.03,0.09,-0.44,0.1,-0.1,9.8
63390,0.12,-0.02,9.39,35.25,0.5625,0.5625,0.1875,0.125,0,0.02,0.11,-0.41,0.1,-0.1,9.8
63461,0.12,0,9.37,35.25,0.5625,0.5625,0.0625,-0.0625,-0.0625,0.02,0.06,-0.41,0.1,-0.1,9.8
63531,0.12,-0.03,9.37,35.25,0.5625,0.5625,0,0.125,0.0625,0.02,0.08,-0.42,0.1,-0.1,9.8
63601,0.12,-0.04,9.38,35.25,0.5625,0.5625,-0.0625,-0.0625,0,0.03,0.03,-0.39,0.1,-0.1,9.8
63671,0.11,0.01,9.37,35.25,0.5625,0.5625,-0.125,0,0,0.02,0.13,-0.45,0.1,-0.1,9.8
63741,0.11,-0.05,9.39,35.25,0.5625,0.5625,-0.1875,0.125,0.0625,0.01,0.08,-0.39,0.1,-0.1,9.8
63811,0.08,-0.02,9.38,35.25,0.5625,0.5625,0.0625,0.0625,0.125,0,0.06,-0.41,0.1,-0.1,9.8
63882,0.1,0,9.36,35.25,0.5625,0.5625,0,0.125,-0.125,0.02,0.08,-0.43,0.1,-0.1,9.8
63951,0.13,-0.04,9.4,35.25,0.5625,0.5625,0.0625,-0.125,-0.125,0.03,0.07,-0.42,0.1,-0.1,9.8
64022,0.1,-0.02,9.37,35.25,0.5625,0.5625,0.0625,0,0.0625,0.01,0.07,-0.44,0.1,-0.1,9.8
64092,0.11,-0.01,9.37,35.25,0.5625,0.5625,0.125,-0.1875,0.0625,0.02,0.1,-0.43,0.1,-0.1,9.8
64162,0.13,-0.04,9.39,35.25,0.5625,0.5625,0.125,-0.0625,-0.0625,0.05,0.05,-0.4,0.1,-0.1,9.8
64232,0.14,0,9.37,35.25,0.5625,0.5625,0,0.0625,0,0.03,0.09,-0.45,0.1,-0.1,9.8
64302,0.12,-0.02,9.37,35.25,0.5625,0.5625,0.0625,-0.1875,0.125,0,0.08,-0.39,0.1,-0.1,9.8
64372,0.11,-0.03,9.38,35.25,0.5625,0.5625,0.125,-0.0625,0.125,0.03,0.07,-0.5,0.1,-0.1,9.8
64443,0.11,-0.02,9.3,35.25,0.5625,0.5625,0,-0.0625,0.125,0.02,0.07,-0.42,0.1,-0.1,9.8
64513,0.11,0,9.38,35.25,0.5625,0.5625,0,-0.125,0.0625,0,0.05,-0.4,0.1,-0.1,9.8
64583,0.13,0,9.31,35.25,0.5625,0.5625,0.125,-0.125,0,0,0.09,-0.45,0.1,-0.1,9.8
64653,0.11,-0.02,9.41,35.25,0.5625,0.5625,0,-0.0625,0,0.03,0.08,-0.43,0.1,-0.1,9.8
64723,0.11,-0.02,9.39,35.25,0.5625,0.5625,0.0625,0.1875,-0.0625,0,0.08,-0.44,0.1,-0.1,9.8
64793,0.14,-0.01,9.39,35.25,0.5625,0.5625,-0.0625,-0.0625,0.125,0,0.06,-0.42,0.1,-0.1,9.8
64864,0.14,0,9.38,35.25,0.5625,0.5625,-0.125,0,-0.0625,0.03,0.08,-0.42,0.1,-0.1,9.8
64933,0.1,-0.03,9.39,35.25,0.5625,0.5625,-0.125,0.125,0,0,0.08,-0.42,0.1,-0.1,9.8
65003,0.13,-0.01,9.38,35.25,0.5625,0.5625,-0.0625,0.25,-0.125,0.01,0.06,-0.41,0.1,-0.1,9.8
65074,0.11,-0.01,9.38,35.25,0.5625,0.5625,0,-0.125,0.0625,0.02,0.07,-0.42,0.1,-0.1,9.8
65144,0.1,-0.01,9.38,35.25,0.5625,0.5625,-0.125,0.125,-0.0625,0,0.09,-0.43,0.1,-0.1,9.8
65214,0.11,-0.03,9.38,35.25,0.5625,0.5625,-0.125,-0.0625,-0.0625,0,0.07,-0.42,0.1,-0.1,9.8
65285,0.13,-0.04,9.37,35.25,0.5625,0.5625,0,-0.0625,-0.0625,0.03,0.08,-0.41,0.1,-0.1,9.8
65354,0.14,0,9.39,35.25,0.5625,0.5625,0,0,0.0625,0.04,0.09,-0.4,0.1,-0.1,9.8
65425,0.08,-0.06,9.39,35.25,0.5625,0.5625,0.0625,-0.0625,0,0,0.08,-0.43,0.1,-0.1,9.8
65495,0.13,-0.03,9.38,35.25,0.5625,0.5625,-0.0625,0,-0.0625,0.02,0.05,-0.42,0.1,-0.1,9.8
65565,0.14,-0.03,9.39,35.25,0.5625,0.5625,-0.0625,0,0,0.04,0.06,-0.39,0.1,-0.1,9.8
65635,0.08,0,9.38,35.25,0.5625,0.5625,-0.0625,0,0,0,0.07,-0.43,0.1,-0.1,9.8
65704,0.13,-0.03,9.36,35.25,0.5625,0.5625,-0.0625,0.125,-0.125,0,0.1,-0.41,0.1,-0.1,9.8
65775,0.14,-0.02,9.39,35.25,0.5625,0.5625,0,0.125,0,0.03,0.07,-0.37,0.1,-0.1,9.8
65846,0.1,-0.03,9.39,35.25,0.5625,0.5625,0,0,-0.125,0,0.05,-0.42,0.1,-0.1,9.8
65915,0.15,-0.01,9.35,35.25,0.5625,0.5625,0.0625,-0.1875,0.125,0.06,0.05,-0.41,0.1,-0.1,9.8
65986,0.08,0,9.37,35.25,0.5625,0.5625,-0.125,0.0625,-0.125,0.01,0.14,-0.41,0.1,-0.1,9.8
66056,0.08,-0.05,9.38,35.25,0.5625,0.5625,-0.0625,0.0625,0.0625,-0.03,0.06,-0.42,0.1,-0.1,9.8
66126,0.15,-0.01,9.37,35.25,0.5625,0.5625,0.125,-0.0625,0.0625,0.02,0.07,-0.42,0.1,-0.1,9.8
66196,0.13,0,9.37,35.25,0.5625,0.5625,0.0625,0.125,0,0.02,0.1,-0.44,0.1,-0.1,9.8
66267,0.09,-0.03,9.39,35.25,0.5625,0.5625,0.125,-0.0625,-0.0625,0,0.07,-0.41,0.1,-0.1,9.8
66336,0.13,0,9.36,35.25,0.5625,0.5625,0.0625,-0.0625,0,0.07,0.11,-0.45,0.1,-0.1,9.8
66406,0.12,-0.02,9.39,35.25,0.5625,0.5625,0,-0.125,0.125,0.03,0.08,-0.42,0.1,-0.1,9.8
66477,0.07,0,9.4,35.25,0.5625,0.5625,-0.1875,0.0625,-0.125,0,0.07,-0.43,0.1,-0.1,9.8
66546,0.11,-0.01,9.39,35.25,0.5625,0.5625,-0.125,-0.0625,0.0625,0,0.09,-0.4,0.1,-0.1,9.8
66617,0.11,-0.06,9.37,35.25,0.5625,0.5625,-0.0625,0,0.0625,0.02,0.06,-0.38,0.1,-0.1,9.8
66688,0.13,-0.01,9.36,35.25,0.5625,0.5625,-0.0625,-0.0625,-0.0625,0.03,0.11,-0.4,0.1,-0.1,9.8
66757,0.11,-0.04,9.38,35.25,0.5625,0.5625,-0.1875,0.125,0,0.02,0.09,-0.42,0.1,-0.1,9.8
66827,0.11,0.01,9.4,35.25,0.5625,0.5625,-0.0625,0,-0.0625,0.01,0.11,-0.44,0.1,-0.1,9.8
66897,0.15,0,9.37,35.25,0.5625,0.5625,-0.1875,0,0.0625,0.05,0.09,-0.41,0.1,-0.1,9.8
66967,0.1,-0.02,9.39,35.25,0.5625,0.5625,-0.0625,0.0625,-0.0625,0.01,0.08,-0.36,0.1,-0.1,9.8
67038,0.08,-0.06,9.42,35.25,0.5625,0.5625,0,0.125,-0.125,-0.01,0.04,-0.43,0.1,-0.1,9.8
67107,0.11,-0.02,9.35,35.25,0.5625,0.5625,-0.1875,0.125,0.0625,-0.02,0.05,-0.39,0.1,-0.1,9.8
67178,0.12,0.02,9.36,35.25,0.5625,0.5625,0,0.0625,0,0.05,0.13,-0.4,0.1,-0.1,9.8
67248,0.08,-0.07,9.41,35.25,0.5625,0.5625,-0.0625,0.1875,-0.125,-0.01,0.07,-0.42,0.1,-0.1,9.8
67318,0.16,-0.01,9.36,35.25,0.5625,0.5625,0.0625,0,0,0.01,0.01,-0.41,0.1,-0.1,9.8
67388,0.15,0.02,9.36,35.25,0.5625,0.5625,-0.0625,0.0625,-0.125,0.05,0.11,-0.43,0.1,-0.1,9.8
67459,0.11,-0.01,9.39,35.25,0.5625,0.5625,0.0625,-0.125,0,0.04,0.1,-0.41,0.1,-0.1,9.8
67528,0.11,-0.04,9.38,35.25,0.5625,0.5625,0,0,0.0625,0.03,0.09,-0.41,0.1,-0.1,9.8
67599,0.09,0,9.41,35.25,0.5625,0.5625,0.1875,0,0,0.03,0.15,-0.43,0.1,-0.1,9.8
67668,0.08,-0.1,9.37,35.25,0.5625,0.5625,0,0.125,-0.0625,-0.02,-0.03,-0.41,0.1,-0.1,9.8
67739,0.16,0.06,9.35,35.25,0.5625,0.5625,0,0.1875,-0.125,0.02,0.1,-0.42,0.1,-0.1,9.8
67809,0.11,-0.06,9.39,35.25,0.5625,0.5625,0.125,-0.125,-0.0625,0.04,0.06,-0.4,0.1,-0.1,9.8
67878,0.11,0.01,9.37,35.25,0.5625,0.5625,0,0,-0.0625,0,0.11,-0.46,0.1,-0.1,9.8
67949,0.12,-0.05,9.39,35.25,0.5625,0.5625,0,0.125,0,0.04,0.07,-0.4,0.1,-0.1,9.8
68019,0.11,-0.02,9.41,35.25,0.5625,0.5625,0,-0.125,0,0,0.05,-0.4,0.1,-0.1,9.8
68089,0.15,-0.02,9.37,35.25,0.5625,0.5625,-0.125,0.0625,0,0.03,0.09,-0.42,0.1,-0.1,9.8
68159,0.13,0,9.39,35.25,0.5625,0.5625,0,0.0625,0,0.04,0.1,-0.41,0.1,-0.1,9.8
68230,0.08,-0.02,9.38,35.25,0.5625,0.5625,0,-0.125,0.125,-0.02,0.09,-0.42,0.1,-0.1,9.8
68299,0.13,-0.04,9.39,35.25,0.5625,0.5625,-0.0625,0.0625,0.0625,0,0.05,-0.41,0.1,-0.1,9.8
68370,0.12,-0.01,9.39,35.25,0.5625,0.5625,0,0.0625,0,0.04,0.09,-0.4,0.1,-0.1,9.8
68440,0.07,-0.03,9.36,35.25,0.5625,0.5625,-0.0625,0,-0.1875,0,0.07,-0.44,0.1,-0.1,9.8
68509,0.15,-0.04,9.37,35.25,0.5625,0.5625,-0.0625,0.0625,-0.1875,0.01,0.05,-0.42,0.1,-0.1,9.8
68580,0.13,0,9.37,35.25,0.5625,0.5625,0,-0.1875,0,0.08,0.1,-0.43,0.1,-0.1,9.8
68651,0.07,-0.02,9.39,35.25,0.5625,0.5625,0,0.0625,-0.0625,-0.02,0.07,-0.41,0.1,-0.1,9.8
68720,0.15,-0.03,9.4,35.25,0.5625,0.5625,0.0625,-0.1875,-0.0625,0.03,0.06,-0.42,0.1,-0.1,9.8
68790,0.12,0,9.35,35.25,0.5625,0.5625,0,0,-0.0625,0.03,0.09,-0.45,0.1,-0.1,9.8
68860,0.09,-0.02,9.38,35.25,0.5625,0.5625,-0.125,0.125,-0.125,-0.01,0.08,-0.4,0.1,-0.1,9.8
68930,0.15,0,9.38,35.25,0.5625,0.5625,0,0.0625,0,0.03,0.11,-0.42,0.1,-0.1,9.8
69001,0.13,-0.03,9.38,35.25,0.5625,0.5625,0.0625,0.0625,-0.0625,0.04,0.06,-0.41,0.1,-0.1,9.8
69070,0.1,-0.02,9.36,35.25,0.5625,0.5625,0.0625,0.125,-0.125,0.02,0.06,-0.42,0.1,-0.1,9.8
69141,0.13,-0.01,9.35,35.25,0.5625,0.5625,0.25,0.0625,-0.0625,0.05,0.07,-0.42,0.1,-0.1,9.8
69211,0.12,0,9.4,35.25,0.5625,0.5625,0,0,0,0.02,0.1,-0.42,0.1,-0.1,9.8
69281,0.08,-0.07,9.39,35.25,0.5625,0.5625,0.0625,0.125,-0.0625,0,0.06,-0.43,0.1,-0.1,9.8
69351,0.11,-0.01,9.39,35.25,0.5625,0.5625,0.0625,0.125,0,0,0.08,-0.42,0.1,-0.1,9.8
69422,0.12,0,9.39,35.25,0.5625,0.5625,0,0.0625,0.0625,0.05,0.07,-0.42,0.1,-0.1,9.8
69491,0.13,-0.01,9.39,35.25,0.5625,0.5625,0,-0.125,0,0.03,0.09,-0.42,0.1,-0.1,9.8
69561,0.06,0,9.38,35.25,0.5625,0.5625,0.0625,-0.125,0.0625,0,0.07,-0.41,0.1,-0.1,9.8
69632,0.12,-0.04,9.39,35.25,0.5625,0.5625,0.0625,0,0,-0.02,0.05,-0.45,0.1,-0.1,9.8
69702,0.15,0,9.38,35.25,0.5625,0.5625,0,0,-0.0625,0.05,0.08,-0.43,0.1,-0.1,9.8
69772,0.11,-0.01,9.36,35.25,0.5625,0.5625,0.0625,0.0625,0.0625,0.01,0.08,-0.44,0.1,-0.1,9.8
69841,0.1,-0.01,9.37,35.25,0.5625,0.5625,0.0625,0,-0.0625,0,0.07,-0.46,0.1,-0.1,9.8
69911,0.14,-0.01,9.36,35.25,0.5625,0.5625,0.0625,-0.1875,-0.0625,0.02,0.09,-0.42,0.1,-0.1,9.8
69982,0.11,-0.02,9.4,35.25,0.5625,0.5625,0.0625,0.125,0.0625,0.01,0.09,-0.42,0.1,-0.1,9.8
70052,0.11,-0.07,9.38,35.25,0.5625,0.5625,0.0625,0,0.0625,0,0.07,-0.42,0.1,-0.1,9.8
70122,0.15,-0.02,9.41,35.25,0.5625,0.5625,0,0.1875,-0.0625,0.03,0.06,-0.42,0.1,-0.1,9.8
70193,0.1,0,9.39,35.25,0.5625,0.5625,0.125,0.0625,-0.0625,0.04,0.07,-0.41,0.1,-0.1,9.8
70262,0.1,-0.02,9.38,35.25,0.5625,0.5625,0,0.1875,-0.0625,0,0.07,-0.42,0.1,-0.1,9.8
70333,0.14,0,9.39,35.25,0.5625,0.5625,0,-0.125,0.0625,0.03,0.09,-0.42,0.1,-0.1,9.8
70403,0.11,0,9.39,35.25,0.5625,0.5625,0,-0.0625,-0.0625,0.01,0.08,-0.42,0.1,-0.1,9.8
70473,0.12,0,9.39,35.25,0.5625,0.5625,-0.125,-0.0625,0.0625,0.02,0.05,-0.42,0.1,-0.1,9.8
70543,0.12,-0.01,9.39,35.25,0.5625,0.5625,0,-0.1875,0.0625,0.02,0.07,-0.4,0.1,-0.1,9.8
70612,0.1,-0.03,9.4,35.25,0.5625,0.5625,0,-0.1875,-0.0625,0,0.02,-0.44,0.1,-0.1,9.8
70683,0.1,0.03,9.38,35.25,0.5625,0.5625,0,-0.125,0,0,0.13,-0.44,0.1,-0.1,9.8
70754,0.15,-0.06,9.36,35.25,0.5625,0.5625,0.0625,-0.1875,0.1875,0.01,0.08,-0.36,0.1,-0.1,9.8
70823,0.12,-0.06,9.4,35.25,0.5625,0.5625,0,-0.1875,0,0.02,0.01,-0.41,0.1,-0.1,9.8
70893,0.11,-0.03,9.4,35.25,0.5625,0.5625,-0.0625,0.0625,0,0,0.06,-0.42,0.1,-0.1,9.8
70964,0.12,0.02,9.39,35.25,0.5625,0.5625,0.0625,0,-0.0625,0.02,0.1,-0.43,0.1,-0.1,9.8
71033,0.13,-0.05,9.38,35.25,0.5625,0.5625,-0.0625,0.0625,-0.0625,0.01,0.09,-0.43,0.1,-0.1,9.8
71104,0.14,-0.1,9.42,35.25,0.5625,0.5625,0.125,-0.125,0.125,0.08,0.06,-0.43,0.1,-0.1,9.8
71174,0.09,-0.05,9.35,35.25,0.5625,0.5625,0,-0.0625,0,0,0.02,-0.42,0.1,-0.1,9.8
71244,0.15,0.01,9.37,35.25,0.5625,0.5625,0,0.125,-0.0625,0.04,0.1,-0.41,0.1,-0.1,9.8
71314,0.13,0.01,9.37,35.25,0.5625,0.5625,-0.0625,0.0625,0.0625,0.03,0.11,-0.42,0.1,-0.1,9.8
71385,0.09,-0.01,9.34,35.25,0.5625,0.5625,-0.0625,0.25,-0.125,0,0.06,-0.41,0.1,-0.1,9.8
71454,0.12,-0.03,9.38,35.25,0.5625,0.5625,0,0.0625,0.0625,0.01,0.06,-0.41,0.1,-0.1,9.8
71525,0.12,0,9.38,35.25,0.5625,0.5625,0,-0.1875,0.125,0.04,0.09,-0.45,0.1,-0.1,9.8
71595,0.2,-0.07,9.36,35.25,0.5625,0.5625,0,-0.1875,0.3125,0.05,0.08,-0.41,0.1,-0.1,9.8
71664,0.1,-0.06,9.4,35.25,0.5625,0.5625,-0.0625,-0.125,0.0625,0.02,0,-0.4,0.1,-0.1,9.8
71735,0.11,0.02,9.38,35.25,0.5625,0.5625,0.1875,-0.0625,0.0625,0.03,0.08,-0.44,0.1,-0.1,9.8
71805,0.1,-0.03,9.38,35.25,0.5625,0.5625,0,0.0625,0.125,0,0.08,-0.43,0.1,-0.1,9.8
71875,0.11,-0.03,9.4,35.25,0.5625,0.5625,0,-0.0625,0.0625,0,0.09,-0.43,0.1,-0.1,9.8
71945,0.11,0,9.37,35.25,0.5625,0.5625,0,-0.0625,-0.0625,0.02,0.07,-0.42,0.1,-0.1,9.8
72015,0.12,-0.03,9.37,35.25,0.5625,0.5625,0,-0.0625,0,0.04,0.01,-0.43,0.1,-0.1,9.8
72085,0.12,0.03,9.37,35.25,0.5625,0.5625,0.125,0.0625,0.1875,0.06,0.13,-0.42,0.1,-0.1,9.8
72156,0.1,-0.05,9.37,35.25,0.5625,0.5625,0,-0.125,0,0,0.07,-0.4,0.1,-0.1,9.8
72225,0.11,-0.01,9.41,35.25,0.5625,0.5625,-0.125,-0.0625,0.0625,0.01,0.09,-0.46,0.1,-0.1,9.8
72296,0.12,-0.08,9.39,35.25,0.5625,0.5625,0,0,0.0625,0.02,0.07,-0.4,0.1,-0.1,9.8
72366,0.1,-0.02,9.39,35.25,0.5625,0.5625,-0.0625,-0.125,0.0625,0.03,0.04,-0.4,0.1,-0.1,9.8
72436,0.11,0.03,9.37,35.25,0.5625,0.5625,-0.1875,0.25,-0.125,0.02,0.11,-0.44,0.1,-0.1,9.8
72506,0.11,0,9.37,35.25,0.5625,0.5625,-0.0625,0.0625,-0.1875,0,0.11,-0.4,0.1,-0.1,9.8
72577,0.12,-0.1,9.36,35.25,0.5625,0.5625,0,0.125,-0.0625,0.14,0.13,-0.44,0.1,-0.1,9.8
72646,0.03,-0.07,9.36,35.25,0.5625,0.5625,0.0625,-0.0625,-0.0625,0,0.06,-0.42,0.1,-0.1,9.8
72716,0.11,0,9.37,35.25,0.5625,0.5625,-0.0625,-0.0625,-0.125,-0.02,0.07,-0.41,0.1,-0.1,9.8
72786,0.13,0,9.4,35.25,0.5625,0.5625,0.0625,0.125,-0.125,0.02,0.07,-0.46,0.1,-0.1,9.8
72857,0.1,0,9.37,35.25,0.5625,0.5625,-0.0625,0.25,0,0.01,0.12,-0.41,0.1,-0.1,9.8
72927,0.1,-0.09,9.38,35.25,0.5625,0.5625,0,0,0,-0.03,-0.04,-0.4,0.1,-0.1,9.8
72996,0.29,0.25,9.36,35.25,0.5625,0.5625,-0.0625,0,-0.3125,0.09,0.28,-0.47,0.1,-0.1,9.8
73067,0.13,-0.2,9.37,35.25,0.5625,0.5625,-0.0625,0.125,0.0625,0.06,0,-0.42,0.1,-0.1,9.8
73137,0,-0.09,9.39,35.25,0.5625,0.5625,-0.0625,-0.125,0.0625,-0.12,-0.07,-0.42,0.1,-0.1,9.8
73207,0.23,0.11,9.37,35.25,0.5625,0.5625,-0.125,0.0625,-0.0625,0.09,0.18,-0.4,0.1,-0.09,9.8
73277,0.1,-0.04,9.4,35.25,0.5625,0.5625,0.0625,0,0.0625,0.04,0.05,-0.39,0.1,-0.09,9.8
73348,0.1,-0.03,9.38,35.25,0.5625,0.5625,0.0625,0,0.0625,-0.02,0.1,-0.44,0.1,-0.09,9.8
73417,0.15,-0.08,9.37,35.25,0.5625,0.5,-0.1875,0.1875,-0.0625,0.04,0,-0.4,0.1,-0.09,9.8
73487,0.14,0.04,9.39,35.25,0.5625,0.5,-0.0625,-0.1875,0,0.03,0.08,-0.42,0.1,-0.09,9.8
73558,0.08,-0.04,9.37,35.25,0.5625,0.5,0.125,0.0625,-0.0625,0.02,0.06,-0.42,0.1,-0.09,9.8
73628,0.11,-0.05,9.38,35.25,0.5625,0.5,-0.125,0.1875,0,0.01,0.04,-0.42,0.1,-0.09,9.8
73698,0.09,-0.03,9.38,35.25,0.5625,0.5,0.0625,0.125,0.125,-0.01,0.07,-0.4,0.1,-0.08,9.8
73767,0.11,-0.02,9.38,35.25,0.5625,0.5,-0.1875,0.125,0,0,0.04,-0.43,0.1,-0.08,9.8
73838,0.1,-0.01,9.35,35.25,0.5625,0.5,-0.0625,0.1875,0,0.02,0.07,-0.47,0.1,-0.08,9.8
73909,0.11,-0.07,9.38,35.25,0.625,0.5,-0.0625,-0.125,0,0.01,0.02,-0.43,0.1,-0.08,9.8
73978,0.09,0.02,9.39,35.25,0.625,0.4375,0.125,0.125,-0.0625,0.01,0.07,-0.42,0.1,-0.08,9.8
74049,0.11,-0.01,9.35,35.25,0.625,0.4375,0.125,0,0,-0.02,0.09,-0.44,0.1,-0.08,9.8
74119,0.13,-0.06,9.4,35.25,0.625,0.4375,0.125,0.0625,-0.125,0.04,0.06,-0.43,0.1,-0.08,9.8
74188,0.07,-0.08,9.38,35.25,0.625,0.4375,0.0625,0.125,-0.125,0.01,0,-0.43,0.1,-0.08,9.8
74259,0.1,0.01,9.4,35.25,0.625,0.4375,0,0.125,0.0625,0,0.07,-0.42,0.1,-0.08,9.8
74329,0.11,0,9.39,35.25,0.625,0.4375,0.0625,0.0625,0,0.02,0.08,-0.43,0.1,-0.08,9.8
74399,0.12,-0.04,9.36,35.25,0.625,0.4375,0,-0.0625,0.0625,0.03,0.05,-0.43,0.1,-0.08,9.8
74469,0.12,-0.06,9.39,35.25,0.625,0.4375,0,0,0.0625,0.01,0.03,-0.41,0.1,-0.08,9.8
74540,0.13,-0.01,9.4,35.25,0.625,0.4375,0,-0.125,0,0.02,0.05,-0.43,0.1,-0.08,9.8
74609,0.12,-0.02,9.41,35.25,0.625,0.4375,-0.125,-0.0625,0,0.02,0.07,-0.4,0.1,-0.08,9.8
74680,0.11,-0.02,9.4,35.25,0.625,0.4375,0,-0.0625,0.125,0,0.04,-0.41,0.1,-0.08,9.8
74749,0.11,0.01,9.36,35.25,0.625,0.4375,0,0,-0.0625,0.02,0.05,-0.4,0.1,-0.08,9.8
74819,0.11,-0.01,9.39,35.25,0.625,0.4375,0.125,-0.125,0.125,0.01,0.06,-0.42,0.1,-0.08,9.8
74890,0.11,-0.01,9.39,35.25,0.625,0.4375,0,0.0625,0.0625,0.01,0.04,-0.42,0.1,-0.08,9.8
74960,0.11,0,9.37,35.25,0.625,0.4375,-0.0625,0,0.0625,0.02,0.05,-0.42,0.1,-0.08,9.8
75030,0.11,-0.01,9.4,35.25,0.625,0.4375,0,0.0625,0,0.01,0.06,-0.43,0.1,-0.08,9.8
75101,0.12,-0.01,9.37,35.25,0.625,0.4375,-0.0625,-0.0625,0.125,0,0.06,-0.42,0.1,-0.08,9.8
75170,0.12,-0.02,9.38,35.25,0.625,0.4375,0,-0.0625,-0.125,0.02,0.06,-0.41,0.1,-0.08,9.8
75241,0.13,-0.02,9.38,35.25,0.625,0.4375,0.0625,-0.125,0.0625,0,0.05,-0.44,0.1,-0.08,9.8
75311,0.13,-0.02,9.29,35.25,0.625,0.4375,0,0.0625,-0.0625,0.01,0.06,-0.35,0.1,-0.08,9.8
75381,0.1,-0.01,9.55,35.25,0.625,0.4375,0.0625,0.1875,0,0.02,0.05,-0.52,0.1,-0.08,9.8
75451,0.11,-0.02,9.27,35.25,0.625,0.4375,-0.125,0.125,0,0,0.07,-0.44,0.1,-0.08,9.8
75521,0.12,-0.03,9.42,35.25,0.625,0.4375,-0.125,0,-0.0625,0,0.05,-0.36,0.1,-0.08,9.8
75591,0.14,-0.01,9.37,35.25,0.625,0.4375,-0.1875,0.125,0,0.03,0.05,-0.42,0.1,-0.08,9.8
75662,0.11,-0.02,9.36,35.25,0.625,0.4375,0,0.0625,-0.125,0.01,0.05,-0.42,0.1,-0.08,9.8
75731,0.1,0,9.4,35.25,0.625,0.4375,0.125,-0.0625,0,0.03,0.05,-0.41,0.1,-0.08,9.8
75801,0.14,-0.03,9.36,35.25,0.625,0.4375,0.0625,0.25,-0.125,0.02,0.05,-0.42,0.1,-0.08,9.8
75872,0.13,-0.02,9.39,35.25,0.625,0.4375,0.0625,0,0.0625,0.01,0.04,-0.43,0.1,-0.08,9.8
75941,0.14,-0.01,9.39,35.25,0.625,0.4375,-0.125,-0.0625,0,0,0.07,-0.42,0.1,-0.08,9.8
76012,0.12,0,9.38,35.25,0.625,0.4375,-0.0625,0,0,0.02,0.04,-0.39,0.1,-0.08,9.8
76082,0.12,-0.01,9.4,35.25,0.625,0.4375,0.125,-0.0625,-0.0625,0,0.07,-0.4,0.1,-0.08,9.8
76152,0.11,-0.04,9.37,35.25,0.625,0.4375,-0.0625,0.0625,0.0625,0.01,0.04,-0.41,0.1,-0.08,9.8
76222,0.11,-0.01,9.38,35.25,0.625,0.4375,0.0625,-0.0625,0.0625,0.01,0.06,-0.41,0.1,-0.08,9.8
76293,0.14,0,9.39,35.25,0.625,0.4375,0.125,0.0625,-0.0625,0.02,0.07,-0.45,0.1,-0.08,9.8
76362,0.11,-0.02,9.38,35.25,0.625,0.4375,0.0625,-0.0625,-0.0625,0.02,0.04,-0.43,0.1,-0.08,9.8
76433,0.12,-0.04,9.38,35.25,0.625,0.4375,0.1875,-0.125,0,0,0.06,-0.4,0.1,-0.08,9.8
76503,0.14,0,9.36,35.25,0.625,0.4375,0.0625,-0.125,0.0625,0.02,0.06,-0.42,0.1,-0.08,9.8
76573,0.13,-0.04,9.38,35.25,0.625,0.4375,0,0.1875,-0.0625,0.01,0.05,-0.42,0.1,-0.08,9.8
76643,0.1,-0.01,9.37,35.25,0.625,0.4375,0.0625,0.0625,0.0625,0.01,0.03,-0.42,0.1,-0.08,9.8
76713,0.12,0,9.39,35.25,0.625,0.4375,-0.1875,0,0.0625,0.01,0.06,-0.4,0.1,-0.08,9.8
76783,0.11,-0.03,9.39,35.25,0.625,0.4375,0,-0.0625,0.0625,0.01,0.06,-0.41,0.1,-0.08,9.8
76854,0.13,-0.03,9.37,35.25,0.625,0.4375,0,-0.125,0,0,0.05,-0.43,0.1,-0.08,9.8
76923,0.13,-0.02,9.4,35.25,0.625,0.4375,0,0,-0.0625,0,0.03,-0.43,0.1,-0.08,9.8
76993,0.13,-0.02,9.38,35.25,0.625,0.4375,0,0.0625,0,0.01,0.05,-0.41,0.1,-0.08,9.8
77064,0.13,-0.01,9.38,35.25,0.625,0.4375,-0.0625,0,0.125,0.02,0.07,-0.42,0.1,-0.08,9.8
77134,0.09,0,9.38,35.25,0.625,0.4375,0,-0.0625,0.0625,-0.01,0.08,-0.4,0.1,-0.08,9.8
77204,0.12,-0.03,9.38,35.25,0.625,0.4375,0,0,0.0625,0,0.05,-0.43,0.1,-0.08,9.8
77274,0.13,0,9.36,35.25,0.625,0.4375,0.0625,0.0625,-0.125,0.01,0.04,-0.41,0.1,-0.08,9.8
77344,0.11,-0.03,9.39,35.25,0.625,0.4375,0,0,0,0.02,0.07,-0.46,0.1,-0.08,9.8
77414,0.11,0,9.36,35.25,0.625,0.4375,0.125,0.125,-0.0625,0,0.05,-0.38,0.1,-0.08,9.8
77485,0.14,-0.02,9.39,35.25,0.625,0.4375,-0.125,0.0625,0,0.02,0.08,-0.42,0.1,-0.08,9.8
77554,0.11,0,9.36,35.25,0.625,0.4375,0,-0.0625,0.0625,0.01,0.05,-0.43,0.1,-0.08,9.8
77625,0.12,0,9.39,35.25,0.625,0.4375,0.0625,-0.0625,0.1875,0.04,0.08,-0.39,0.1,-0.08,9.8
77694,0.07,-0.05,9.38,35.25,0.625,0.4375,0,0.0625,-0.0625,-0.01,0.06,-0.44,0.1,-0.08,9.8
77765,0.12,-0.04,9.4,35.25,0.625,0.4375,-0.125,0.0625,-0.0625,0.01,0.04,-0.44,0.1,-0.08,9.8
77835,0.13,-0.02,9.38,35.25,0.625,0.4375,0.0625,-0.25,-0.0625,0.03,0.04,-0.42,0.1,-0.08,9.8
77905,0.11,-0.01,9.36,35.25,0.625,0.4375,-0.0625,0.1875,-0.0625,0.01,0.04,-0.43,0.1,-0.08,9.8
77975,0.12,-0.03,9.38,35.25,0.625,0.4375,0.0625,-0.125,-0.0625,0.01,0.06,-0.43,0.1,-0.08,9.8
78046,0.11,-0.03,9.4,35.25,0.625,0.4375,-0.125,0,-0.0625,0.04,0.04,-0.43,0.1,-0.08,9.8
78115,0.11,0,9.38,35.25,0.625,0.4375,-0.0625,0,-0.0625,0.01,0.06,-0.43,0.1,-0.08,9.8
78186,0.09,-0.02,9.39,35.25,0.625,0.4375,0,-0.125,0.0625,0,0.03,-0.42,0.1,-0.08,9.8
78256,0.11,-0.04,9.38,35.25,0.625,0.4375,-0.125,-0.125,-0.0625,0,0.04,-0.42,0.1,-0.08,9.8
78325,0.12,-0.01,9.4,35.25,0.625,0.4375,0.0625,-0.1875,0.0625,0.02,0.07,-0.41,0.1,-0.08,9.8
78396,0.1,0,9.38,35.25,0.625,0.4375,0.0625,-0.125,0,0.01,0.06,-0.43,0.1,-0.08,9.8
78467,0.12,-0.01,9.37,35.25,0.625,0.4375,-0.0625,0.0625,-0.0625,0.02,0.05,-0.42,0.1,-0.08,9.8
78536,0.13,-0.02,9.4,35.25,0.625,0.4375,-0.1875,0.125,-0.125,0.01,0.03,-0.43,0.1,-0.08,9.8
78607,0.11,0,9.39,35.25,0.625,0.4375,-0.0625,0.0625,-0.1875,0,0.06,-0.43,0.1,-0.08,9.8
78676,0.11,-0.02,9.39,35.25,0.625,0.4375,0.0625,-0.0625,0,0.03,0.07,-0.4,0.1,-0.08,9.8
78747,0.12,0,9.39,35.25,0.625,0.4375,0,0.125,-0.0625,0.03,0.04,-0.42,0.1,-0.08,9.8
78817,0.1,-0.01,9.36,35.25,0.625,0.4375,-0.0625,0,0.0625,0.01,0.05,-0.4,0.1,-0.08,9.8
78887,0.11,-0.02,9.38,35.25,0.625,0.4375,0.125,0,-0.0625,0,0.05,-0.42,0.1,-0.08,9.8
78957,0.11,0,9.37,35.25,0.625,0.4375,0.125,0.0625,0,0.01,0.06,-0.41,0.1,-0.08,9.8
79027,0.12,-0.02,9.37,35.25,0.625,0.4375,0,-0.125,0.0625,0.01,0.05,-0.42,0.1,-0.08,9.8
79097,0.14,-0.01,9.39,35.25,0.625,0.4375,0,0,0.0625,0.01,0.07,-0.43,0.1,-0.08,9.8
79168,0.11,-0.03,9.39,35.25,0.625,0.4375,-0.125,0.0625,0.0625,0,0.05,-0.41,0.1,-0.08,9.8
79238,0.11,-0.04,9.39,35.25,0.625,0.4375,0,-0.1875,0.0625,0.04,0.05,-0.41,0.1,-0.08,9.8
79307,0.11,-0.01,9.38,35.25,0.625,0.4375,0,0,0,0.01,0.06,-0.42,0.1,-0.08,9.8
79378,0.11,-0.01,9.38,35.25,0.625,0.4375,0,0,-0.0625,0.01,0.07,-0.39,0.1,-0.08,9.8
79448,0.1,-0.02,9.4,35.25,0.625,0.4375,0.125,0.0625,-0.0625,0,0.06,-0.42,0.1,-0.08,9.8
79518,0.11,0,9.35,35.25,0.625,0.4375,0.0625,0,0.0625,0.02,0.07,-0.41,0.1,-0.08,9.8
79588,0.13,-0.05,9.39,35.25,0.625,0.4375,0.125,-0.0625,-0.0625,0.04,0.04,-0.42,0.1,-0.08,9.8
79659,0.1,-0.02,9.37,35.25,0.625,0.4375,-0.0625,0.0625,0.0625,0.02,0.05,-0.43,0.1,-0.08,9.8
79728,0.11,-0.03,9.39,35.25,0.625,0.4375,0.0625,-0.125,-0.0625,-0.01,0.05,-0.41,0.1,-0.08,9.8
79799,0.11,-0.03,9.35,35.25,0.625,0.4375,0.0625,-0.1875,-0.0625,0.01,0.05,-0.44,0.1,-0.08,9.8
79868,0.12,-0.02,9.38,35.25,0.625,0.4375,0,0,0.0625,0.02,0.03,-0.43,0.1,-0.08,9.8
79939,0.12,0,9.39,35.25,0.625,0.4375,0,0.0625,0.0625,0,0.05,-0.43,0.1,-0.08,9.8
80009,0.12,0,9.37,35.25,0.625,0.4375,-0.125,0.0625,0.1875,0.01,0.07,-0.43,0.1,-0.08,9.8
80078,0.11,-0.03,9.4,35.25,0.625,0.4375,-0.0625,0.0625,0,0,0.05,-0.41,0.1,-0.08,9.8
80149,0.11,0,9.41,35.25,0.625,0.4375,0,-0.125,0.125,0.01,0.04,-0.43,0.1,-0.08,9.8
80220,0.12,-0.02,9.36,35.25,0.625,0.4375,0.0625,0,-0.0625,0.02,0.06,-0.42,0.1,-0.08,9.8
80289,0.12,-0.01,9.36,35.25,0.625,0.4375,-0.125,-0.0625,0.125,0,0.05,-0.43,0.1,-0.08,9.8
80360,0.13,-0.03,9.39,35.25,0.625,0.4375,-0.125,0.125,0,0.02,0.05,-0.4,0.1,-0.08,9.8
80429,0.13,0,9.4,35.25,0.625,0.4375,0,-0.0625,0.0625,0,0.06,-0.41,0.1,-0.08,9.8
80499,0.12,-0.01,9.38,35.25,0.625,0.4375,-0.125,0.0625,-0.0625,0,0.05,-0.43,0.1,-0.08,9.8
80570,0.12,0,9.36,35.25,0.625,0.4375,0,-0.125,0.0625,0.01,0.08,-0.42,0.1,-0.08,9.8
80640,0.11,0,9.39,35.25,0.625,0.4375,0,0.1875,-0.0625,0,0.07,-0.41,0.1,-0.08,9.8
80710,0.12,0,9.39,35.25,0.625,0.4375,0.0625,-0.0625,0.0625,0,0.06,-0.41,0.1,-0.08,9.8
80780,0.14,-0.02,9.39,35.25,0.625,0.4375,0.0625,0.125,0,0.04,0.04,-0.42,0.1,-0.08,9.8
80850,0.1,-0.03,9.36,35.25,0.625,0.4375,0.0625,0,0.125,0.01,0.04,-0.46,0.1,-0.08,9.8
80920,0.12,0,9.37,35.25,0.625,0.4375,0.0625,0.0625,0.0625,0,0.05,-0.42,0.1,-0.08,9.8
80991,0.13,-0.01,9.38,35.25,0.625,0.4375,0.0625,0,0,0.03,0.08,-0.4,0.1,-0.08,9.8
81060,0.11,-0.04,9.34,35.25,0.625,0.4375,0,0.1875,-0.0625,0,0.06,-0.43,0.1,-0.08,9.8
81131,0.08,0,9.39,35.25,0.625,0.4375,-0.0625,-0.1875,0.125,-0.03,0.05,-0.41,0.1,-0.08,9.8
81201,0.17,-0.03,9.37,35.25,0.625,0.4375,0.0625,0,-0.0625,0.08,0.04,-0.45,0.1,-0.08,9.8
81271,0.1,-0.03,9.37,35.25,0.625,0.4375,0,-0.125,0,0.02,0.06,-0.41,0.1,-0.08,9.8
81341,0.1,0,9.36,35.25,0.625,0.4375,-0.0625,0.0625,-0.125,-0.02,0.05,-0.41,0.1,-0.08,9.8
81412,0.18,-0.01,9.35,35.25,0.625,0.4375,0,-0.125,0.0625,0.07,0.06,-0.44,0.1,-0.08,9.8
81481,0.05,-0.02,9.39,35.25,0.625,0.4375,0,-0.0625,0,-0.04,0.04,-0.4,0.1,-0.08,9.8
81552,0.11,0,9.37,35.25,0.625,0.4375,-0.0625,0.0625,-0.0625,0,0.07,-0.44,0.1,-0.08,9.8
81622,0.18,-0.01,9.39,35.25,0.625,0.4375,0,-0.125,0,0.06,0.06,-0.42,0.1,-0.08,9.8
81692,0.09,-0.05,9.39,35.25,0.625,0.4375,0,0.125,-0.125,0.02,0.04,-0.43,0.1,-0.08,9.8
81762,0.08,0,9.35,35.25,0.625,0.4375,-0.0625,0,-0.125,-0.04,0.04,-0.42,0.1,-0.08,9.8
81832,0.16,0,9.39,35.25,0.625,0.4375,0.0625,-0.1875,0,0.06,0.08,-0.41,0.1,-0.08,9.8
81902,0.13,-0.01,9.38,35.25,0.625,0.4375,-0.0625,0,0.0625,0.03,0.03,-0.45,0.1,-0.08,9.8
81973,0.07,0,9.38,35.25,0.625,0.4375,0.125,0.0625,0,-0.03,0.04,-0.39,0.1,-0.08,9.8
82042,0.18,-0.01,9.39,35.25,0.625,0.4375,0,0.125,0.0625,0.04,0.04,-0.43,0.1,-0.08,9.8
82113,0.12,0,9.35,35.25,0.625,0.4375,-0.0625,0,-0.0625,0.06,0.05,-0.42,0.1,-0.08,9.8
82183,0.01,-0.04,9.39,35.25,0.625,0.4375,-0.125,0.0625,0,-0.07,0.02,-0.41,0.1,-0.08,9.8
82252,0.2,-0.03,9.38,35.25,0.625,0.4375,0,0,-0.0625,0.05,0.04,-0.44,0.1,-0.08,9.8
82323,0.08,-0.04,9.39,35.25,0.625,0.4375,-0.0625,-0.1875,-0.0625,0.02,0.05,-0.41,0.1,-0.08,9.8
82393,0.06,0,9.41,35.25,0.625,0.4375,-0.0625,0.0625,-0.0625,-0.05,0.04,-0.41,0.1,-0.08,9.8
82463,0.12,0,9.36,35.25,0.625,0.4375,0,0,-0.0625,0,0.07,-0.43,0.1,-0.08,9.8
82533,0.17,-0.04,9.37,35.25,0.625,0.4375,0.0625,0,0.0625,0.08,0.05,-0.42,0.1,-0.08,9.8
82604,0.1,-0.01,9.39,35.25,0.625,0.4375,-0.0625,0.0625,0.0625,0.03,0.06,-0.44,0.1,-0.08,9.8
82673,0.04,0,9.38,35.25,0.625,0.4375,0.0625,-0.1875,0.0625,-0.08,0.06,-0.4,0.1,-0.08,9.8
82744,0.22,-0.01,9.36,35.25,0.625,0.4375,-0.0625,0.125,-0.0625,0.1,0.05,-0.43,0.1,-0.08,9.8
82813,0.08,-0.01,9.34,35.25,0.625,0.4375,0,-0.125,0,0.06,0.03,-0.38,0.1,-0.08,9.8
82884,0.06,0,9.39,35.25,0.625,0.4375,0,0,0,-0.07,0.04,-0.41,0.1,-0.08,9.8
82954,0.17,-0.03,9.39,35.25,0.625,0.4375,0,-0.0625,-0.0625,0.05,0.07,-0.44,0.1,-0.08,9.8
83024,0.13,-0.04,9.35,35.25,0.625,0.4375,-0.0625,-0.125,-0.0625,0.1,0.02,-0.4,0.1,-0.08,9.8
83094,0,-0.01,9.39,35.25,0.625,0.4375,0.0625,0,0.0625,-0.06,0.02,-0.42,0.1,-0.08,9.8
83165,0.17,-0.02,9.37,35.25,0.625,0.4375,0.0625,-0.125,-0.0625,-0.03,0.07,-0.42,0.1,-0.08,9.8
83234,0.18,-0.03,9.36,35.25,0.625,0.4375,0.0625,0.0625,0,0.11,0.07,-0.4,0.1,-0.08,9.8
83305,0.05,-0.04,9.39,35.25,0.625,0.4375,0.0625,0,-0.0625,0.01,0.03,-0.41,0.1,-0.08,9.8
83375,0.06,0,9.36,35.25,0.625,0.4375,-0.0625,0.1875,-0.125,-0.07,0.06,-0.44,0.1,-0.08,9.8
83445,0.22,-0.02,9.39,35.25,0.625,0.4375,-0.0625,0,0.1875,0.02,0.06,-0.44,0.1,-0.08,9.8
83515,0.11,-0.02,9.38,35.25,0.625,0.4375,0,-0.0625,0,0.05,0.04,-0.43,0.1,-0.08,9.8
83585,0.05,0,9.39,35.25,0.625,0.4375,-0.0625,0.0625,0.125,-0.06,0.07,-0.43,0.1,-0.08,9.8
83655,0.12,-0.02,9.37,35.25,0.625,0.4375,-0.0625,-0.0625,0.0625,0,0.06,-0.43,0.1,-0.08,9.8
83726,0.16,-0.01,9.37,35.25,0.625,0.4375,0,0,0,0.08,0.06,-0.44,0.1,-0.08,9.8
83795,0.07,0,9.39,35.25,0.625,0.4375,-0.0625,0.0625,-0.0625,-0.01,0.06,-0.4,0.1,-0.08,9.8
83865,0.1,-0.02,9.37,35.25,0.625,0.4375,-0.125,0.1875,0.0625,-0.02,0.06,-0.43,0.1,-0.08,9.8
83935,0.19,-0.01,9.39,35.25,0.625,0.4375,-0.125,0.125,-0.0625,0.08,0.05,-0.42,0.1,-0.08,9.8
84005,0.1,-0.03,9.38,35.25,0.625,0.4375,0.0625,-0.125,0.0625,0.03,0.07,-0.43,0.1,-0.08,9.8
84076,0.03,-0.03,9.38,35.25,0.625,0.4375,-0.0625,0,0,-0.05,0.03,-0.4,0.1,-0.08,9.8
84146,0.15,-0.02,9.38,35.25,0.625,0.4375,0.0625,-0.0625,-0.0625,0.03,0.05,-0.42,0.1,-0.08,9.8
84216,0.14,-0.03,9.36,35.25,0.625,0.4375,0,-0.1875,0,0.03,0.07,-0.44,0.1,-0.08,9.8
84286,0.08,-0.02,9.38,35.25,0.625,0.4375,0.125,-0.1875,0.125,0,0.04,-0.4,0.1,-0.08,9.8
84357,0.12,-0.04,9.35,35.25,0.625,0.4375,-0.0625,0,0,0,0.03,-0.45,0.1,-0.08,9.8
84426,0.15,-0.01,9.37,35.25,0.625,0.4375,0.0625,-0.1875,0,0.04,0.04,-0.42,0.1,-0.08,9.8
84497,0.07,-0.01,9.39,35.25,0.625,0.4375,0,-0.0625,0,-0.02,0.07,-0.41,0.1,-0.08,9.8
84567,0.11,-0.01,9.35,35.25,0.625,0.4375,0,-0.0625,0,-0.04,0.03,-0.43,0.1,-0.08,9.8
84637,0.16,-0.01,9.39,35.25,0.625,0.4375,0,-0.125,-0.125,0.05,0.06,-0.41,0.1,-0.08,9.8
84707,0.11,-0.02,9.39,35.25,0.625,0.4375,0,-0.125,-0.0625,0.03,0.04,-0.43,0.1,-0.08,9.8
84777,0.08,-0.05,9.36,35.25,0.625,0.4375,0.0625,-0.125,0,0,0.08,-0.42,0.1,-0.08,9.8
84847,0.14,0,9.4,35.25,0.625,0.4375,-0.0625,0.25,0.0625,0.02,0.06,-0.41,0.1,-0.08,9.8
84917,0.1,-0.03,9.4,35.25,0.625,0.4375,-0.1875,0,-0.0625,0,0.05,-0.41,0.1,-0.08,9.8
84987,0.11,-0.02,9.39,35.25,0.625,0.4375,0.0625,0,0,0,0.04,-0.42,0.1,-0.08,9.8
85057,0.12,-0.01,9.38,35.25,0.625,0.4375,0,0,0,-0.01,0.06,-0.43,0.1,-0.08,9.8
85128,0.13,-0.04,9.38,35.25,0.625,0.4375,0,-0.0625,0,0.02,0.04,-0.39,0.1,-0.08,9.8
85197,0.11,-0.02,9.41,35.25,0.625,0.4375,0.0625,0.125,-0.0625,0.01,0.06,-0.44,0.1,-0.08,9.8
85268,0.12,0,9.37,35.25,0.625,0.4375,-0.0625,-0.125,0.0625,0.01,0.07,-0.41,0.1,-0.08,9.8
