Euler [X]	Euler [Y]	Euler [Z]
1.25	81.19	-44.81
1.37	81	-38.44
1.88	81.56	-45.19
2	81.44	-43
2.06	81.44	-42.13
3.38	81.56	-46.81
2.31	81.44	-44.19
2.19	81.44	-43.06
3.94	81.37	-46.13
1.25	81.56	-36.88
3.5	80.69	-45.25
1.88	81.5	-39.75
3.25	80.56	-43.56
2.44	81.31	-40.19
3.44	81	-44.5
3.25	81.19	-40.5
2.94	81.06	-40.75
3.38	80.94	-41
3.19	81.06	-39.5
4.06	81.12	-43.25
3.63	81.12	-39
3.56	81.56	-38.75
3.56	81.62	-39
3.81	81.87	-41.31
5.31	81.31	-41.44
5.69	81.19	-41.63
4.94	81.06	-42.25
5.13	81	-42.69
5.13	81.19	-45.13
5.94	81.12	-45.25
6.88	81.31	-45.56
6.44	81.06	-44.63
6.81	80.87	-43.81
6.44	81.31	-41.81
6.75	81.12	-42.31
6.81	80.94	-41.5
8.88	81.31	-45.19
8.19	82.06	-48
6.88	80.31	-39.19
9.44	81.19	-47.69
8.88	83.5	-5.25
8.44	82.19	-49.25
10.19	81.62	-49.31
8.5	82	-44.88
10.56	81.19	-46.75
9.5	82.5	-48.63
10.19	82.5	-53.06
8.19	80.87	-41.13
10.5	80.37	-44.81
9.5	80.75	-44.88
10.5	79.69	-42.25
11.19	81.5	-49.69
9.63	80.5	-41.63
10.13	81.19	-43.31
10.31	80.81	-45
9.56	81.37	-40.75
9.75	81.06	-42.75
9.94	81.62	-42.31
9.81	81	-41
10.13	81	-41.31
10.25	80.62	-41
10.13	81	-40.69
10.75	80.5	-41.63
10.13	81.44	-40.25
10.88	80.25	-41.31
10.88	81.25	-41.63
11.75	80.75	-42.31
11.38	81.5	-42.81
12.13	80.75	-43.81
11.25	81.5	-40.25
11.88	80.75	-42.88
11.94	81.37	-40.38
12.81	80.69	-42.88
13.5	82.37	-47.94
13.81	80.5	-44
15.69	81.12	-50.56
13.19	82.56	-44.31
15.25	83.75	-5.5
13.13	82.37	-51.5
15.94	80.94	-49.44
17	83.12	-5.56
16.62	83.12	-53.69
17.31	81.62	-48.75
15.19	81.94	-47.25
14.88	81.25	-44.81
15.38	82.12	-47.88
15.06	80.5	-41.06
15.5	81.94	-45.88
15.88	81.37	-43.19
16.06	82.06	-45.31
16.25	81.44	-47.06
15.44	81.81	-43.38
15.63	80.94	-43.19
15.75	81.12	-42
15.38	80.87	-40.75
15.31	81.06	-38.69
15.88	81.25	-40.88
16	81.31	-40.81
16.19	81.56	-42.13
16.12	81.19	-40
16.62	81.62	-41.88
16.94	81.31	-44.44
19.06	81.94	-45.5
16.69	81.69	-43.19
17.62	81.5	-45.31
16.75	81.31	-39.44
17.75	81.44	-44.69
17.87	81.69	-44.31
17.81	81.5	-43.44
19.5	81.81	-45.69
17.81	81.69	-42.13
18.62	81.56	-45.13
17.37	81.69	-40
18.69	81	-41.94
18.56	81.44	-43.56
19.31	80.75	-42.75
18.81	81.31	-41.75
19.62	80.81	-44
19	81.25	-41.88
19.25	81.12	-41.88
21.12	81.31	-44.56
19.62	81.31	-42.81
22.06	81.37	-45.69
20.06	81.37	-46.25
21.56	80.69	-43.19
22.94	81.94	-50.19
22.31	83.5	-5.06
21.31	82.25	-48.31
23.19	80.56	-41.06
21.87	82.87	-44
20.31	82.06	-43.38
21.69	80.12	-36
23.69	82.25	-47.56
23.19	81.06	-48.31
24.56	82.25	-48.44
25.44	81.81	-53.13
25.31	82	-49.06
25.75	82.81	-53.56
25.94	83.12	-5.31
25.31	81.12	-46.75
27.37	81.94	-49.31
26.75	83.19	-5.13
27.25	82.31	-50.75
25.37	81.44	-47.06
27.06	82	-49.88
25.56	81.25	-47.19
25.75	81.5	-48.31
25.81	81.56	-48.25
25.62	81.5	-47.63
25.31	81.31	-46.19
25.06	81.37	-44.5
25.37	81	-44.13
24.69	81.12	-42.5
24.75	80.87	-41.5
24.69	80.75	-41.31
24.19	80.94	-38.5
24.37	81.12	-39.81
24.62	80.81	-39.13
24.75	81.06	-40.13
25	80.87	-40.19
25.37	80.94	-41.69
25.25	81	-41
24.94	81.19	-39.69
24	81.44	-38.31
24.25	80.69	-37.94
25.06	80.69	-41.75
24.81	80.94	-40.56
24.31	80.56	-35.13
25.81	80.25	-41.13
25.81	80.31	-40.88
26.12	80.19	-41.13
25.75	80.19	-39
26.12	80.37	-40.31
26	80.81	-39
26.06	80.69	-39.81
26.44	80.75	-39.38
26.25	80.94	-39.56
26.69	80.5	-40.13
26.19	81	-38.75
26.81	80.31	-38.19
26.37	80.75	-37.13
26.75	80.37	-37.69
26.81	80.62	-37.69
27.06	80.44	-37.75
27.06	80.75	-38.44
27.37	80.25	-36.94
27.62	81.06	-40.44
28	80.44	-38.44
28.06	80.44	-38.94
27.81	80.69	-38.81
27.69	80.12	-37.38
27.69	80.37	-36.13
28.19	80.25	-38.13
27.94	80.56	-35.88
28.19	80.5	-37.44
27.37	80.5	-31.19
27.44	81.12	-31.62
27.19	81.06	-28.56
27.69	81	-31.25
27.25	81.25	-28.44
26.75	81.31	-30.37
28.31	80.94	-34.63
27.87	81.37	-34.06
28.25	80.56	-36.81
28.75	80.62	-35.31
28.06	80.69	-32.94
29.5	79.94	-39.81
28.94	81.06	-32.63
32.81	79.37	-45.06
31	81.75	-45.13
31.94	79.75	-43
29.87	81.19	-35.19
31.56	80.06	-41.56
31.62	81.12	-41.56
31.31	80.19	-40.13
32.44	80.75	-42.63
31.56	80.12	-38.94
33.06	80.69	-44
31.94	80.25	-39.94
32.63	80.62	-42.31
32.94	80.19	-42.94
32.69	80.62	-42.19
33	80.25	-42.56
32.88	80.69	-42.38
32.94	80.31	-42
33	80.69	-41.81
32.88	80.37	-40.75
33.19	80.56	-41.69
33.19	80.37	-40.44
33.44	80.62	-41.31
33.63	80.37	-41.25
33.63	80.44	-41
34.44	80.56	-42.56
34.06	80.62	-42.13
34.06	80.56	-41.44
34.19	80.44	-41.38
34	80.56	-40.63
34.06	80.31	-39.75
34.06	80.37	-39.63
34.5	80.25	-39.38
34.06	80.5	-38.13
34.56	80.25	-39.19
34.44	80.5	-38.94
34.44	80.37	-37.44
34.44	80.25	-37
34.75	80.37	-37.44
34.75	80.25	-36.75
35.06	80.37	-38.19
35.25	80.31	-37.88
35.31	80.44	-38
35.13	80.31	-37.06
35.44	80.31	-36.81
35.25	80.19	-35.94
35.94	80.69	-37.31
35.56	80.44	-36.56
36	80.5	-37.06
35.63	80.56	-33.81
39.06	81.06	-44.69
38.31	81.25	-45
38.38	80.56	-40.63
38	80.62	-40.56
38.44	80.31	-41.06
37.25	80.62	-38.13
38.63	80.37	-41.5
37.56	80.69	-37.63
38.63	80.19	-40.13
38.63	80.56	-40.25
38.19	80.31	-39.06
38.69	80.5	-38.06
39.25	80.75	-41.19
39.75	80.44	-41.75
38.88	81	-40.38
40	80.44	-41.75
38.69	80.81	-37
41.25	81.12	-43.06
41.06	81.87	-45.88
41.25	82.12	-46.31
41.44	82.69	-47.81
41.13	82.87	-47.69
41.31	82.87	-46.75
41.19	83.37	-4.75
40.44	80.19	-35.94
41	81.19	-39.31
40.38	80.94	-35.5
41.75	81.75	-39.69
41.25	82.62	-34.5
43.56	82.75	-37.5
42.88	83.06	-38.81
41.56	82.12	-32.69
42.5	82.44	-35.5
44	83.06	-32.69
42.5	83.25	-4.25
43.31	84.56	-4
43.13	84.37	-4.25
42.63	84.75	-4.19
45.94	84.19	-4.25
42.69	84.75	-3.63
45.31	84.5	-4.69
42.81	84.69	-4
42.19	84.44	-4.06
44.5	77.5	-37.63
42.5	83.31	-4.38
42.88	80.12	-37.75
43.25	82.06	-41.69
43.13	79.62	-35.06
43.69	81.62	-39.75
43.06	80	-33.25
44.25	81.37	-41.69
43.06	79.56	-31.31
43.88	81.12	-36.06
43.94	80.06	-35.31
44.19	81.31	-37.44
45.44	80.25	-40.25
45.25	81.62	-41.63
46.13	80.37	-42.31
45.75	81.31	-42.25
46.44	80.81	-42.06
46.06	81.56	-45.56
46.25	80.75	-41.69
47.06	81.44	-45.94
46.5	80.94	-42.81
47.31	81.19	-44.06
46.63	81.12	-42.94
46.44	80.81	-40.69
47.31	81.25	-45.38
46.25	80.31	-36.06
47.81	81.31	-43.38
48.69	80.87	-43.13
49.19	81.87	-49.56
47.5	79.94	-39.56
49.63	81	-44.44
50.81	81.06	-47
50.75	81.5	-47.94
49.75	80.94	-45.13
50.44	81.62	-45.94
49.69	81.06	-47.5
50.13	81.69	-43.94
49.06	81.06	-43.94
50.69	81.06	-42.75
50.19	81.37	-44.88
51.5	81.37	-46.5
49.81	81.69	-42.44
50.19	81.56	-43.94
50.06	81.5	-42.06
49.69	81.75	-41.75
49.75	81.19	-40.5
49.38	81.37	-39.56
49.44	80.94	-38
51	81	-42.94
50.31	81.69	-39.75
50.75	80.87	-42.69
51.69	81.25	-42.88
51.13	81.25	-43.13
52.69	81.19	-43.63
51.94	81.44	-43.25
52.56	81.12	-44.88
52.44	81.37	-43.38
52.25	81.37	-44.69
51.44	80.81	-37.56
53	81.19	-43.31
51.75	80.87	-40.63
51.88	80.94	-40.19
52.38	80.81	-42.25
52.19	81.12	-39.5
53.5	80.94	-46.19
51.94	80.87	-37.31
53.31	81.06	-43.56
52.56	80.94	-39.69
53.25	81.06	-42.75
52.94	81.12	-40.81
53.06	80.62	-39.44
53.31	80.94	-41.44
53.19	80.81	-39.75
53.25	80.62	-40.25
53.19	80.69	-38.69
53.81	80.94	-40.75
53.38	80.25	-37.44
54.06	80.81	-40.06
53.88	80.5	-39.19
54.81	80.94	-40.69
54.5	80.56	-39.88
54.94	81.12	-41.13
55.25	80.62	-41.94
55.44	81.19	-40.75
56.06	80.81	-44.25
54.81	81	-40
56.75	80.75	-41.31
55.88	81.87	-44.94
56.06	80.44	-41.44
55.81	81.44	-40.56
56.06	81.06	-42.25
56.81	81.37	-41.44
55.94	81.25	-40.38
56.81	81.25	-42.63
56.69	81.44	-40
56.75	81.12	-41.75
55.94	81.37	-37.75
56.38	81.31	-39.38
56.94	80.94	-40.19
57.56	81.69	-42.38
56.5	80.94	-37.69
56.56	81.19	-37.69
57.94	80.75	-41.31
58.63	81.5	-43.19
57.31	80.69	-39.19
59	81.25	-42
58.69	81.19	-40.75
60.5	81.31	-47
57.94	81.5	-35.38
61	81.19	-47.38
61.25	81.31	-50.06
58.06	80.5	-34.06
61.19	81.19	-44.94
61.44	81.06	-46.75
61.56	81.19	-45
63.06	81.56	-52.75
63.63	83.12	-49.69
62.63	82	-45.94
62.81	80.25	-37.5
64.37	82.56	-46
64.19	82.75	-48.5
63.94	81.37	-45.19
61.94	82.5	-44.06
62.94	80.5	-42.38
64.12	82.25	-47.13
63.31	81.56	-47.56
64.62	82.12	-47.19
65.19	82.44	-49.81
62.69	83	-47.44
62.44	80.19	-38.5
63.44	83.37	-5
62.81	79.69	-37.88
65.81	81.69	-46.06
66.5	82.62	-53.19
65.12	82.25	-45.56
64.62	80.37	-42.44
63.94	82.19	-45.25
65.56	80.31	-44
64.81	82.19	-46.44
64	79.75	-35.88
67.62	81.62	-44.69
66.19	83.44	-4.69
66.19	82.25	-44.75
64.81	79.31	-34
64.31	82.87	-47.63
64.81	78.75	-35.5
64.19	82.19	-42.5
64.87	79.87	-39.94
64.5	81.69	-41.75
64.94	80.12	-39.31
64.62	81.31	-40.06
64.81	80.31	-38.06
65.37	81.12	-40.69
64.87	80.69	-37.69
65.69	81	-41.31
65.44	80.87	-38
66.06	81.25	-41.63
65.87	81.19	-41.63
66.19	80.75	-39.81
67.06	81.69	-47.56
65.75	80.31	-34.25
66.94	81.44	-45.38
66.19	80.12	-35.56
66.31	81.25	-39.38
67.75	80.37	-43.06
66.75	81.19	-40.19
67	80.94	-41.19
67.31	81.19	-41.13
67.12	81.06	-40.63
67.25	81.06	-40.38
67.5	80.94	-40.13
68	80.94	-42.44
67.69	81.12	-40.31
67.69	80.81	-40.31
67.94	81	-40.25
67.37	80.56	-37.38
67.87	80.94	-38.25
67.56	80.37	-35.25
68.25	80.94	-39.19
67.81	80.62	-36
68.37	80.94	-37.81
68.37	80.81	-38.13
68.87	81.12	-39.63
68.37	81.37	-38.56
69.12	80.69	-38.75
68.81	80.94	-38.25
69.25	80.69	-38.31
69.44	80.81	-40.13
69.19	80.37	-36.56
69.37	80.44	-37.94
69.5	80.44	-36.13
69.81	80.81	-39.25
70.06	80.44	-37.81
69.87	80.75	-38.06
69.94	80.5	-37.19
69.94	80.75	-37.75
70.06	80.62	-37.81
70.19	80.69	-37.81
70.37	80.69	-37.75
70.25	80.5	-37.19
70.69	80.69	-37.19
70.75	80.62	-37.75
70.87	80.87	-37.81
71.06	80.44	-37.44
71.25	80.69	-38.13
70.87	80.44	-35.94
71.44	80.62	-38
70.94	80.31	-34.19
72.31	81	-40.81
71.5	80.56	-34.31
72.19	80.87	-40.13
71.81	80.25	-34.19
71.62	80.62	-34.81
72.25	80.12	-35.94
71.81	80.56	-34.63
72.12	80.12	-35.13
72.19	80.37	-35.56
72.06	80.37	-34
72.44	80.25	-35.13
72.81	80.5	-35.69
72.81	80.37	-35.25
73.06	80.44	-36.06
73.12	80.5	-35.13
74.25	80.56	-40
74.06	80.69	-39
74.19	80.56	-38.88
74.06	80.62	-38.44
74.25	80.75	-38.63
74.19	80.5	-37.81
74.44	80.87	-37.19
74.56	80.56	-37.56
75	81	-39.31
74.87	80.56	-36.31
75.37	81.31	-40.63
75.94	80.56	-39.94
75.37	81.31	-38.5
76.12	80.75	-41.38
75.44	81	-37.69
76.25	80.5	-40.44
76	81.06	-38.44
76.19	80.56	-39.5
76.56	80.69	-40.44
75.75	80.44	-35.81
76.44	80.44	-38.63
76.19	80.56	-36.13
76.69	80.62	-38.81
76.75	80.62	-38.63
76.69	80.5	-37.81
76.94	80.62	-38.31
76.75	80.44	-37.25
76.87	80.75	-37.69
77	80.19	-36.94
77	80.56	-37
77.37	80.19	-37.06
77.37	80.75	-37.44
77.56	80.25	-36.94
77.44	80.69	-37.25
77.87	80.19	-37.06
77.94	80.69	-37.31
77.94	80.31	-36.19
78.44	80.69	-38.06
77.94	80.37	-34.94
78.62	80.69	-38
78.37	80.56	-36.31
78.44	80.37	-35.63
78.56	80.37	-35.5
78.87	80.37	-36.19
79.37	80.81	-37.25
79.87	81	-40.88
80.19	80.62	-39.06
79.81	81.12	-38.44
81.56	80.81	-43.31
79.56	80.87	-35.5
80.31	80.94	-39
80.19	80.75	-37.06
81.19	81	-41.13
80.69	80.56	-37.31
80.62	81.12	-39.63
80.37	80.19	-33.19
81.06	80.87	-37.75
81.25	80.62	-37.88
81.12	80.81	-37.5
82.19	80.87	-40.75
81.69	80.87	-39.19
82	81	-39.81
81.94	80.69	-38.56
81.81	81.06	-38.31
82.37	80.69	-39.63
82	80.75	-37.5
82.44	80.87	-39.25
82.62	80.87	-39
82.81	80.87	-39.06
82.87	81.12	-39.81
83.06	80.87	-38.94
83	81.19	-38.94
83.25	80.75	-39.69
83.06	81	-38.38
83.56	80.56	-39.19
83.56	81	-39.19
83.94	80.94	-39.31
83.81	81.12	-38.56
84.44	80.56	-40.63
84.62	81.25	-39.63
84.69	80.56	-40.19
85.62	81.19	-42.06
84.5	80.69	-38.5
84.75	81	-39.38
85.19	80.19	-39.19
85.94	81.44	-42.19
85	79.69	-37.81
85.81	82.06	-41.13
85.81	79.69	-39
85.69	81.94	-42.25
86	79.75	-37.56
86	82	-40.5
85.69	79.5	-35.19
86.69	82.37	-41.75
86.12	80.06	-37.5
86.87	81.62	-39.06
86.62	80.25	-39.25
87.5	81.25	-39.19
86.37	80.87	-39.13
88.44	81.37	-40.38
86.56	81.44	-41.88
86.87	80.81	-35.63
87	81.12	-38.13
88.12	81.19	-39.88
87.19	81.19	-38.31
87.31	80.87	-36.94
86.81	81.12	-34.44
87.94	80.81	-39.31
87.31	81.12	-35.63
87.44	80.87	-36.31
88.69	80.87	-40
88.25	81.12	-37.75
88.75	81.19	-40.88
88.87	81.19	-38.31
88.62	81.12	-39.25
88.62	81.06	-38.19
88.5	80.94	-37.44
88.69	81	-37.44
88.94	81.12	-37.44
89.81	80.87	-40.38
89.56	80.87	-38.94
89.81	80.81	-39.31
89.81	81	-39.06
89.81	80.81	-38.88
89.75	80.81	-38.13
90.12	80.94	-39
89.87	80.94	-38.25
90.37	81.12	-39.06
90.19	81.06	-38.06
90.37	81	-38.31
90.37	81.19	-38.13
90.37	80.69	-36.88
90.81	81.25	-38.56
90.75	80.94	-37.31
90.94	81.19	-38.19
91	80.81	-37.63
91.31	81.25	-38.63
91.12	80.87	-37.13
91.44	81	-37.38
91.37	80.87	-36.56
91.56	80.87	-37.25
91.56	80.75	-36.06
91.62	80.75	-36.06
91.75	80.87	-36.38
91.81	80.94	-36.5
92.06	80.94	-37.19
92.25	81.12	-37.13
92.25	80.75	-36.81
92.62	81.12	-37.81
93.12	80.87	-39.19
93.12	80.94	-38.81
93	80.75	-38.13
93.56	81.19	-38.94
93.19	80.81	-37.25
93.69	81.12	-38.75
93.31	80.94	-36.69
93.75	80.94	-38.19
93.87	80.81	-38
93.81	80.87	-37.44
94.19	80.56	-38.44
93.81	80.75	-35.75
94.06	80.5	-36.75
94.69	80.69	-38.81
94.19	80.62	-34.69
96.12	80.75	-43.5
95	80.94	-38.94
95.06	80.87	-39.44
95.5	80.94	-39.31
94.75	80.94	-36.75
95.75	80.69	-39.31
95.56	80.87	-38.63
95.94	80.5	-39.06
96.25	81.19	-40.38
96.37	80.56	-39.81
96.25	81.06	-40.06
96.37	80.56	-39.19
96.56	80.94	-40.13
96.44	80.75	-38.75
96.37	80.87	-38.94
96.56	80.62	-37.94
96.31	80.69	-36.88
96.81	80.75	-38.06
96.37	80.62	-36
96.81	80.62	-36.88
96.81	80.62	-37.13
96.94	80.69	-36.69
97.12	80.5	-37.25
97.19	80.56	-37.13
97.19	80.44	-36.88
97.44	80.56	-37
97.31	80.44	-36.31
97.5	80.5	-36.63
97.37	80.5	-34.56
97.69	80.5	-35.5
97.75	80.56	-35.69
97.87	80.44	-35.69
97.94	80.56	-35.81
98.25	80.69	-36.56
98.31	80.56	-36.38
98.44	80.75	-36.69
98.44	80.75	-36.75
98.5	80.75	-36.88
98.5	80.75	-36.06
98.56	80.62	-35.5
98.75	80.69	-35.94
98.75	80.5	-35.31
99.06	80.75	-36.31
98.94	80.44	-35
99.12	80.62	-35.94
99.12	80.37	-35.25
99.12	80.5	-34.63
99.19	80.5	-34.69
99.25	80.5	-34.81
99.25	80.56	-34.69
99.19	80.62	-34.25
99.12	80.62	-33.94
99.06	80.44	-33.06
99.12	80.37	-32.88
99.12	80.37	-33
99.12	80.31	-32.88
99.19	80.25	-32.69
99.37	80.12	-33.38
99.25	80.12	-32.75
99.25	80	-32.56
99.31	80	-32.94
99.56	79.94	-33.56
99.69	79.87	-33.81
100.25	79.81	-35.31
100.25	79.81	-35.31
100.69	79.87	-36.44
100.19	79.94	-35
100.81	80.06	-37.5
100.31	79.87	-35.06
100.69	80.31	-36.63
100.5	80.06	-35.88
100.5	80.56	-35.56
100.75	79.87	-36.25
101.12	80.31	-36.75
100.69	80.06	-34.75
101.5	80.25	-38
101	80.31	-35.44
101.31	80.19	-36.5
101.5	80.19	-36.81
101.37	80.12	-36.38
101.69	80.06	-37.38
101.56	80.06	-36.56
101.75	80	-37.31
101.75	80.19	-36.38
101.75	80	-36.75
102.19	80.25	-38.06
101.75	80.06	-36.13
101.87	80.06	-36.44
101.94	80.06	-36.06
102.06	80.12	-36.19
102.37	80	-36.75
102.19	80.12	-36.5
102.19	80.06	-36.25
102.19	80.06	-36.19
102.25	80.06	-36
102.19	80.06	-35.94
102.25	80.06	-35.94
102.44	80	-36.69
102.31	80	-35.75
102.69	79.94	-36.94
102.44	80.06	-35.5
102.69	79.81	-36.19
102.75	80	-35.56
103.06	79.94	-36.94
103.12	79.94	-36.81
102.81	80	-35.56
103	79.94	-36.38
102.94	80	-35.69
103.06	79.94	-36.19
103	79.94	-35.63
103	79.94	-35.56
103.06	79.94	-35.44
103.06	79.81	-35.56
103.19	80	-36.13
103.12	79.87	-34.69
103	79.94	-34.63
103	79.87	-33.94
103	79.81	-33.81
103.06	79.87	-33.94
103.06	79.81	-34
103.06	79.81	-34
103.06	79.81	-33.94
103.12	79.87	-34.06
103.12	79.94	-34.19
103.19	79.94	-34.25
103.19	79.94	-34.31
103.62	80.37	-35.75
103.56	80.44	-35.5
103.5	80.44	-35.25
103.56	80.62	-35.06
103.19	80.37	-33.94
103.44	80.5	-34.44
103.19	80.44	-32.56
103.44	80.44	-34.19
103.37	80.25	-33.25
103.31	80.37	-32.75
103.37	80.12	-32.94
103.37	80.5	-32.94
103.37	80.19	-32.44
103.69	80.62	-34.44
103.5	80.12	-32.44
103.5	80.5	-33.38
103.62	80.25	-33
103.56	80.31	-32.81
103.87	80.31	-33.75
103.69	80.37	-33.13
103.81	80.19	-33.06
103.62	80	-32.38
104.12	80.56	-34
103.87	80.25	-33.81
104.31	80.62	-36
103.62	80.06	-31.56
104.5	80.75	-36.63
104.87	80.62	-36
104.37	80.44	-35.31
104.62	80.69	-35.63
105.75	80.75	-38.31
105.12	81	-38.44
105.81	80.69	-38.44
104.62	80.94	-36.25
104.75	80.37	-34.88
105.31	80.62	-36.88
106.31	80.81	-38.5
106.56	81	-42.38
106.06	80.5	-39.44
105.75	81.31	-40.81
107.25	80.5	-43.5
104.69	81.19	-37.06
108.19	80.31	-44.56
107.5	81.25	-46
109.12	80.69	-51.5
107.5	81.25	-43.44
107.87	81.06	-44.44
107.87	81.19	-44.38
107.19	81.19	-42.88
107.25	81	-43
107.37	81.56	-42.75
106.75	80.81	-41.5
106.94	81.5	-40.81
106	80.75	-38.88
106.69	81.19	-39.75
105.94	80.75	-38.5
106.44	80.94	-39.13
106.25	80.87	-39.13
106.25	80.94	-39.25
105.87	80.94	-38
106.06	81.12	-37.75
105.87	80.69	-36.69
106.12	80.94	-38
106.06	80.69	-36.75
106.25	80.94	-38.38
106.25	80.69	-37.75
106.5	80.87	-38.5
106	80.75	-36.56
106	80.62	-36.81
106.12	80.75	-36.88
105.87	80.62	-35.38
106	80.62	-35.25
105.69	80.56	-33.75
105.94	80.75	-35.81
106	80.5	-34.81
105.87	80.5	-34.25
107.5	80.87	-36.94
106.5	81.06	-38.06
107.69	80.37	-39
107.87	81.69	-41.94
108.5	80.69	-42.06
107.75	81.5	-39.56
108.37	80.75	-41.06
108.62	81.31	-41.31
109.25	81.19	-42.75
108.5	81.19	-40.94
107.75	81	-39.69
107.94	80.94	-40.06
109.37	81.12	-40.88
109	81.44	-47.19
109.19	80.87	-42
108.5	81.19	-42.25
109.12	80.56	-41.63
107.06	81.12	-38.56
109.94	80.19	-40.56
108.06	81.06	-39.69
109.12	80.25	-44.56
107.62	81	-39.13
108.94	80.62	-41.69
108.87	81	-41.56
109.25	80.81	-41.69
108.06	80.75	-40.06
108.19	80.37	-39.94
128.06	74.12	17.5
195.31	67.69	111.81
52.13	67.12	-69.5
307.38	66.12	-164.31
298	65.75	-168.31
26.37	61.81	-98.94
98.19	58.56	-11.81
141.75	61.19	52.25
185.06	62.63	107
205.19	62.44	126.44
191.5	61.44	115.94
153.38	59.06	73.69
115.56	54.88	18.25
69.37	52.94	-56.38
317.69	55.69	-158.13
152	53.5	79.44
79.81	48.44	-46.94
255.44	51.63	166.13
108.75	45.13	3.19
306.44	46.69	-170.19
111.37	40.38	6
285.63	41.75	177
97.75	35.13	-28.44
166	35.75	118.75
70	30.31	-98.5
115.5	26	29.69
281.19	25.06	154.94
87.87	17.94	-85.12
110.62	13	27.69
281.56	10.75	138.5
96.94	3.81	-113.5
104.75	-2.94	-9.25
97.5	-6.13	96.87
279.25	-10.81	-156.63
102.5	-25.62	-64.25
174.13	-48.56	100.75
294.94	-4.56	53.81
178.81	-57	-63.38
336.06	-41.06	-172.06
219.69	-33.06	-142.44
344.69	28.56	168.06
346.5	-23.5	178.69
328.38	48	-62.63
113.25	-4.88	-5.31
139.94	-18.06	-75.94
278.69	-20.37	155
44.06	22.81	-67.44
42.5	-13.25	-127.56
217.06	11.94	145.13
39.31	-46.44	-178.5
232.31	40.5	-145.5
132.56	-28	-145.63
15.25	-72.56	-151.81
63.81	-45.38	140.25
100.62	18.12	63.88
145.94	65.62	2.44
303.38	4.5	52.88
272.88	-19.37	125.25
86.62	-31.94	-132.19
321.13	-34.31	-162.5
92.25	-9.63	77.56
210.56	-19.06	-64
120.81	-12.13	18.75
285.06	-21.44	117.94
154.31	-48.81	164.44
344.75	-54.81	75.31
135.69	-60.13	111.25
90.69	-17.06	144.63
108.56	-31.69	58.5
253.19	1.12	92.94
211.63	-68.06	-127.81
123.94	-31.75	-131.25
2.69	-50.69	61
15.13	-20.37	80.62
328.94	37	57.38
65.94	32.56	-129.75
139.63	-73.19	-149.06
144.44	-56.63	-64.25
125.87	-66.69	88.31
237.94	-43	-79.62
260.44	2.94	37.31
276.25	-1.37	-6.69
173.56	-24.19	-171.69
37.13	-36.25	-134.44
107.94	-53.88	-161.31
312.56	-63.94	-178.88
288.13	-50.25	-90.94
148.56	40.69	77.87
263.38	-50.38	-69
231.06	-6.69	-6.19
162.06	-36.69	156.63
252.13	-23.5	-128.75
322	-14	-161.5
167.56	-4.81	48.31
66.62	-27.06	42
3.81	-42.56	6.06
55.69	-73.5	-119.62
323.31	18.19	41.63
287.81	-23.37	-76.37
239.5	2.44	92.5
262.38	-22.5	89.44
183.38	-24.69	-156.19
97.25	-55.94	-131.69
139.69	20.81	-139.56
54.19	21.44	-33.63
95.81	45.5	-12.88
144.5	-17.44	-41.06
132.19	-12.44	-30.5
221.31	6.56	-159.13
119.69	-24.62	108.25
224.44	-63.19	1.06
52.81	-9.5	-175.69
237.31	15.19	-107.5
83.37	-22.31	-149.25
17.31	12.19	-83.56
138.5	-29.12	-127.06
74.37	-70.69	23.62
75.94	-49.88	138.25
165.5	-30.44	101.06
117.19	37.56	-110.44
348.13	14.31	98.94
12.63	-18.19	1.12
93.44	-31.37	41
145.94	-41.69	-83.87
140	-51.19	-89.06
93	-4.31	-87.75
240.25	66.87	-13.94
354.19	-2.31	56.56
354.19	29.5	33
179.94	-22.31	102.44
204.31	12.25	34.38
244.38	9.5	66.87
200.19	-14.69	-10.25
122.5	34.63	124.94
318.5	-1.94	-20.12
15.13	-0.94	-16.25
357.31	-36.38	-35.25
293.94	-40.31	-99.62
61.19	-11.75	-158.44
113.56	26.5	-135.06
55.81	-36.06	120.12
335.94	-13.38	25.62
256.19	-39.38	141.69
106.69	-30.37	-160.38
61.44	22.87	147.25
340.63	-47.25	13.94
281.56	-32.19	-92.44
304.63	-60.5	-91.62
114.81	-72.06	135.25
74.87	-81.87	20.75
25	-19.37	-40.81
240.88	-13.88	176.56
97.87	-69.5	-73.12
253.81	-34.5	157.44
279.94	-78.12	161.25
236.94	-61.44	59.13
74	-66.87	-155.63
26.06	-62.19	-162.13
32.75	-56.69	-168.31
91.19	-82.31	157.06
135.31	-67.31	-52.88
172.31	-79	-82.19
62.19	-79.81	25.37
24	-53.06	110.44
277.25	-60.63	165.06
182.81	-67.44	-164.25
156.13	-71.44	-128.56
271.44	-74.56	169.31
8.19	-81.5	-53.88
116	-74.81	-143.06
271.5	-69.12	-170.88
269.56	1.81	-145.19
193.81	10.5	88.56
128.31	6.88	28.94
90.94	10.13	49.44
116.5	7.81	130.63
278.38	6.19	-171.81
277.06	14.81	-173.56
279.38	25.19	-175.81
129.19	-5.81	-116
86.56	13.38	-116.44
284	-17.62	145.38
96.75	11.75	-108.06
284.5	1.69	-167.19
289	5.06	160.31
131.38	11.25	65.56
90.75	4.56	-100
100.31	15.31	46.38
108.81	5.75	126.44
130.25	13.63	86.37
102.25	13.69	106.75
141.88	22.37	-132.81
142.19	36.06	-3.81
94.87	-15.13	-18
133.38	31.12	52.25
30.75	21.31	-137.19
254.31	68.37	151.38
80	-5.25	51
359.31	67.12	-138.75
100.12	-7.63	-44.44
194.06	54.75	-2.81
105.19	56.38	26.75
95.31	17	-112.87
309.75	11.25	136.63
143.56	16.31	55.94
142.13	3.25	39.06
138	2.88	36.38
130.69	2.56	36.19
124.12	2.13	36.13
119.44	1.63	36.13
115.12	1.37	36.13
112.44	1.31	36.13
110	1.31	36.13
108.87	1.31	36.13
107.37	1.31	36.13
106.37	1.31	36.13
105.31	1.31	36.13
104.69	1.31	36.13
104.37	1.31	36.13
104.25	1.31	36.13
104.06	1.31	36.13
104.06	1.31	36.13
104.06	1.31	36.13
104.06	1.31	36.13
104.06	1.31	36.13
104.06	1.31	36.13
104.06	1.31	36.13
104.06	1.31	36.13
104.06	1.31	36.13
104.06	1.31	36.13
104.06	1.31	36.13
104.06	1.31	36.13
104.06	1.31	36.13
104.06	1.31	36.13
104.06	1.31	36.13
104.06	1.31	36.13
104.06	1.31	36.13
104.06	1.31	36.13
104.06	1.31	36.13
104.06	1.31	36.13
104.06	1.31	36.13
104.06	1.31	36.13
104.06	1.31	36.13
104.06	1.31	36.13
104.06	1.31	36.13
104.06	1.31	36.13
104.06	1.31	36.13
104.06	1.31	36.13
104.06	1.31	36.13
104.06	1.31	36.13
104.06	1.31	36.13
104.06	1.31	36.13
104.06	1.31	36.13
104.06	1.31	36.13
104.06	1.31	36.13
104.06	1.31	36.13
104.06	1.31	36.13
288.13	-8.56	-38.81
251.56	32.63	-5.06
37.38	7.31	-137.19
297.25	-8.63	161.88
148.31	3.69	-25.25
354	8.56	-175.56
166	13.19	-32
170.25	5.5	47.5
174.75	5	128.94
167.13	9.31	118
164	15.13	18.69
194.63	3.56	78.44
101.19	6.69	1.69
34.88	-2.13	21.5
164.75	-32.69	64.31
323.81	-28.31	119.87
317.88	-38.69	65.25
122.87	-43.06	-178
274.75	-37.31	-42.44
8.06	20.44	155.94
43.81	11.69	-58.5
255.06	32.56	-171.31
167.13	41.56	52.25
163.81	31.31	-98.44
26.44	48.06	-86.31
175.06	43	32.56
220.31	32.88	103.12
139.38	30	-96.44
347.19	32.69	-170.25
345.44	35.75	-154.94
171.75	33.56	-10.69
179.75	36.31	31.19
206.44	30.56	106.75
180.69	35.5	33.63
295	54.13	-167.56
7.06	56.44	-157.25
135.88	45.44	-55.75
164.88	39.25	-10.56
195.06	40.38	48.19
119.31	48	-69.19
11.75	36.88	-164.69
67.75	50.19	-139.63
148.5	44.44	-23.25
170.81	19.44	-12.88
3.75	37.63	176.19
235.06	-0.81	154.06
172.13	37.56	-17.31
143.94	40	16.44
226.75	-30.94	51
145.31	44.44	-69.81
150.56	48.88	-59.75
147.5	38.25	-52.75
15.44	33.25	152.31
212.31	20.87	57.31
175.13	33.69	-50.88
195.81	36.44	12.5
176	29.31	-50.81
177.63	39	-125.75
55.56	2.5	164.81
291.94	56.88	-88.87
20.19	55.88	52
326	57.44	60.25
327.25	61.06	67.56
326.5	61.06	68.81
309.19	35.63	56.25
57.5	29.56	159.81
275.56	24.75	88.5
261.88	20.19	92.62
280	19.25	133.19
76.19	42.5	-175.19
229.69	16.94	-90.25
231	34.69	-72.62
252.5	28.19	-34
238	42.13	-101.81
259.19	35.94	-64
5.94	44.44	110.87
315.63	8.44	115.87
314.63	7.75	116.56
314.25	7.5	116.87
316	8.38	117.81
330.75	14.94	124.62
331.13	15.06	124.69
320	9.25	124.31
319.75	9.13	124.19
319.81	9.19	124.12
327.81	13.31	124.37
327.81	13.31	124.44
328.13	13.44	124.56
329.38	14.06	124.69
329.94	14.5	124.5
330.81	15.06	124.25
330.88	15.06	124.25
333.25	16.19	124.56
131.81	-6.5	169.63
323.94	5.25	17.87
327.81	6.31	-101.94
349.69	4.25	-103.19
350.38	3.94	-100
353.69	3.19	-93.94
357.25	2.44	-90.31
203.31	1	172.56
72.44	11.44	122.19
50.56	-11.44	82.62
105.81	8.06	-179.94
330.63	-2.88	-97.37
148	-3.31	-169.94
139.63	1.88	-145.31
141	4.06	140.5
311.81	-3.25	114.06
320.38	-1.12	58.38
312.13	-1.69	49.94
307.75	0.75	1.5
319.06	-5	72.75
317.69	-2.88	65.12
319	-0.88	67.94
319.06	-0.75	68.19
319.13	-0.69	68.25
319.13	-0.69	68.25
319.13	-0.69	68.25
319.13	-0.69	68.25
319.13	-0.69	68.25
319.13	-0.69	68.25
319.06	-0.56	67.12
319.06	-0.56	67.12
319.06	-0.56	67.12
319.06	-0.56	66.87
319.06	-0.56	66.87
319	-0.56	66.87
319.06	-0.56	66.87
319.06	-0.56	66.87
319.06	-0.56	66.87
319.06	-0.56	66.87
319.06	-0.56	66.87
319.06	-0.56	66.87
319	-0.56	66.87
310.06	-5.56	84.12
60.69	-5.94	-168.94
332.81	-5.81	3.38
335.25	-4.19	120.19
278.88	-20.06	-20.06
37.69	-1.63	-178.19
222.5	-37.25	142.63
226.06	3.06	-115.81
233.88	-30.44	104.06
256.38	-29.19	65.5
291.63	-23.75	-78.19
303.81	-55.88	-38.06
243.56	-17.37	14.38
-132.38	26.25	-38.25
258.06	-70.94	51.94
19.62	-4.5	-167.06
223.25	-48.44	164.31
34.75	-41	-173
206.38	-7.63	60.94
293.31	-50.88	-33.44
8	-53.69	-165.13
200.75	-17.94	85.75
163	-41.69	100.69
247.13	-52.06	-58.38
239.31	-45.31	-60.44
217.69	-59.56	15.13
248.19	-53.31	-62.5
119.87	-44.56	135.44
341.56	-48.31	-150.88
227.5	-36.13	-52.81
237.5	-67.62	-1.88
217.75	-47.75	0.31
214.81	-54.63	-15.69
345.5	-57.63	-142.94
273.44	-28.06	-141.63
190.25	-47.63	30.06
215.94	-39.88	-32.25
205.25	-37.06	6.75
22.94	-22	-162
315.56	-58.19	-118.19
214	-30.69	-7.75
243.63	-76.81	83
25.81	-19.75	-154.13
202.19	-66.12	74.19
219.44	-35.56	-20.62
286.94	-69	9
65.25	-78.69	-176.19
293.19	-71.94	-79.75
262.5	-79.37	-3.81
250.81	-71.94	-24.25
256.38	-49.81	-41.06
308.88	-48.25	-112.12
251.31	-55.56	-22.12
88.37	-36.69	175.94
247.44	-63.06	-24.81
104.75	-55.06	171.63
348.31	-68.25	-40.63
54.5	-22.31	-162.13
350.31	-54.75	42.25
271.25	-49.31	158.88
314.13	-38.94	-142.56
93.44	-25.37	-113.06
120.87	-58	-106.81
238.13	-64.56	9.06
286.81	-24.87	46.38
301.31	0.56	64.81
302	1.69	65.87
302.13	1.88	66.12
302.19	1.94	66.19
302.19	1.94	66.19
302.19	1.94	66.19
302.19	1.94	66.12
302.19	1.94	66.12
302.19	1.94	66
302.19	1.94	66.06
302.19	1.94	66.06
324.94	-0.37	40.63
268	5.69	-100.62
271.5	2.56	111.94
49.69	0.31	133.44
100.37	-5.56	-48.5
97.69	1.37	-24.25
97.37	2.63	-22.56
97.37	2.75	-22.56
97.37	2.75	-22.69
97.37	2.75	-22.62
97.37	2.75	-22.56
97.37	2.75	-22.56
97.37	2.75	-22.5
97.37	2.75	-22.44
97.37	2.75	-22.37
97.37	2.75	-22.37
97.37	2.75	-22.37
97.37	2.75	-22.31
97.37	2.75	-22.31
97.37	2.75	-22.37
97.37	2.75	-22.37
97.37	2.75	-22.37
97.37	2.75	-22.37
97.37	2.75	-22.37
97.31	2.81	-24.06
97.31	2.81	-24.37
97.06	3.19	-35.75
97.06	3.19	-35.63
97.06	3.19	-35.75
97.06	3.19	-35.5
97.06	3.19	-35.5
97.06	3.19	-35.56
97.06	3.19	-35.63
97.06	3.19	-35.69
97.06	3.19	-35.69
97.06	3.19	-35.69
97.06	3.19	-35.69
97.06	3.19	-35.69
97.06	3.19	-35.69
97.06	3.19	-35.69
97.06	3.19	-35.88
97.06	3.19	-35.88
97.06	3.19	-35.88
97.06	3.19	-35.81
97.06	3.19	-35.81
97.06	3.19	-35.81
97.06	3.19	-35.75
97.06	3.19	-35.75
97.06	3.19	-35.88
97.06	3.19	-35.94
97.12	3.13	-31.06
97.12	3.06	-31.19
97.25	2.81	-24.69
97.25	2.81	-24.5
97.25	2.81	-24.5
97.25	2.81	-24.5
97.25	2.81	-24.5
97.25	2.81	-24.44
97.25	2.81	-24.44
97.25	2.81	-24.44
97.25	2.81	-24.44
97.25	2.81	-24.44
97.25	2.81	-24.5
97.25	2.81	-24.5
97.25	2.81	-24.5
97.25	2.81	-24.5
97.25	2.81	-24.56
97.25	2.81	-24.56
97.25	2.81	-24.56
97.25	2.81	-24.56
97.25	2.81	-24.56
97.25	2.81	-24.56
97.25	2.81	-24.56
97.25	2.81	-24.56
97.25	2.81	-24.56
97.25	2.81	-24.56
97.25	2.81	-24.56
97.25	2.81	-24.56
97.25	2.81	-24.56
97.25	2.81	-24.62
97.25	2.81	-24.5
97.25	2.81	-24.44
97.25	2.81	-24.37
97.25	2.81	-24.37
97.25	2.81	-24.31
97.25	2.81	-24.25
97.25	2.81	-24.19
97.25	2.81	-24.19
97.25	2.81	-24.19
97.25	2.81	-24.19
97.25	2.81	-24.19
97.25	2.81	-24.19
97.25	2.81	-24.19
97.25	2.81	-24.19
97.25	2.81	-24.19
97.25	2.81	-24.19
97.25	2.81	-24.25
97.25	2.81	-24.25
97.25	2.81	-24.25
97.25	2.81	-24.25
97.25	2.81	-24.25
97.25	2.81	-24.25
97.25	2.81	-24.25
97.25	2.81	-24.25
97.25	2.81	-24.25
97.25	2.81	-24.25
97.25	2.81	-24.25
97.25	2.81	-24.25
97.25	2.81	-24.25
97.25	2.81	-24.25
97.25	2.81	-24.25
97.25	2.81	-24.25
97.25	2.81	-24.25
97.25	2.81	-24.25
97.25	2.81	-24.25
97.25	2.81	-24.25
97.25	2.81	-24.25
97.25	2.81	-24.25
97.25	2.81	-24.25
97.25	2.81	-24.19
97.25	2.81	-24.19
97.25	2.81	-24.25
97.25	2.81	-24.25
97.25	2.81	-24.25
97.25	2.81	-24.25
97.25	2.81	-24.25
97.25	2.81	-24.25
97.25	2.81	-24.25
97.25	2.81	-24.25
97.25	2.81	-24.19
97.25	2.81	-24.19
97.25	2.81	-24.19
97.25	2.81	-24.19
97.25	2.81	-24.25
97.25	2.81	-24.25
97.25	2.81	-24.25
97.25	2.81	-24.25
97.25	2.81	-24.19
97.25	2.81	-24.19
97.25	2.81	-24.19
97.25	2.81	-24.19
97.25	2.81	-24.19
97.25	2.81	-24.19
97.25	2.81	-24.19
97.25	2.81	-24.19
97.25	2.81	-24.19
97.25	2.81	-24.19
97.25	2.81	-24.19
97.25	2.81	-24.19
97.25	2.81	-24.19
97.25	2.81	-24.19
97.25	2.81	-24.19
97.25	2.81	-24.19
97.25	2.81	-24.19
97.25	2.81	-24.19
97.25	2.81	-24.25
97.25	2.81	-24.25
97.25	2.81	-24.19
97.25	2.81	-24.19
97.25	2.81	-24.19
97.25	2.81	-24.19
97.25	2.81	-24.19
97.25	2.81	-24.19
97.25	2.81	-24.19
97.25	2.81	-24.19
97.25	2.81	-24.19
97.25	2.81	-24.19
97.25	2.81	-24.19
97.25	2.81	-24.19
97.25	2.81	-24.19
97.25	2.81	-24.19
97.25	2.81	-24.19
97.25	2.81	-24.19
97.25	2.81	-24.19
97.25	2.81	-24.19
97.25	2.81	-24.19
97.25	2.81	-24.19
97.25	2.81	-24.19
97.25	2.81	-24.19
97.25	2.81	-24.19
97.25	2.81	-24.19
97.25	2.81	-24.19
97.25	2.81	-24.19
97.25	2.81	-24.19
97.25	2.81	-24.19
97.25	2.81	-24.19
97.25	2.81	-24.19
97.25	2.81	-24.19
97.25	2.81	-24.19
97.25	2.81	-24.19
97.25	2.81	-24.19
97.25	2.81	-24.19
97.25	2.81	-24.19
97.25	2.81	-24.19
97.25	2.81	-24.19
97.25	2.81	-24.19
97.25	2.81	-24.19
97.25	2.81	-24.19
97.25	2.81	-24.19
97.25	2.81	-24.19
97.25	2.81	-24.19
97.25	2.81	-24.19
97.25	2.81	-24.19
97.25	2.81	-24.19
97.25	2.81	-24.19
97.25	2.81	-24.19
97.25	2.81	-24.19
97.25	2.81	-24.19
97.25	2.81	-24.19
97.25	2.81	-24.19
97.25	2.81	-24.19
97.25	2.81	-24.19
97.25	2.81	-24.19
97.25	2.81	-24.19
97.25	2.81	-24.19
97.25	2.81	-24.19
97.25	2.81	-24.12
97.25	2.81	-24.06
97.25	2.81	-24.06
97.25	2.81	-24.06
97.25	2.81	-24.06
97.25	2.81	-24.06
97.25	2.81	-24.06
97.25	2.81	-24.06
97.25	2.81	-24.06
97.25	2.81	-24.06
97.25	2.81	-24.12
97.25	2.81	-24.12
97.25	2.81	-24.12
97.25	2.81	-24.12
97.25	2.81	-24.12
97.25	2.81	-24.12
97.25	2.81	-24.12
97.25	2.81	-24.12
97.25	2.81	-24.12
97.25	2.81	-24.12
97.25	2.81	-24.12
97.25	2.81	-24.12
97.25	2.81	-24.12
97.25	2.81	-24.12
97.25	2.81	-24.12
97.25	2.81	-24.12
97.25	2.81	-24.12
97.25	2.81	-24.12
97.25	2.81	-24.12
97.25	2.81	-24.12
97.25	2.81	-24.12
97.25	2.81	-24.12
97.25	2.81	-24.12
97.25	2.81	-24.12
97.25	2.81	-24.12
97.25	2.81	-24.12
97.25	2.81	-24.12
97.25	2.81	-24.12
97.25	2.81	-24.12
97.25	2.81	-24.12
97.25	2.81	-24.12
97.25	2.81	-24.12
97.25	2.81	-24.12
97.25	2.81	-24.12
97.25	2.81	-24.12
97.25	2.81	-24.12
97.25	2.81	-24.12
97.25	2.81	-24.12
97.25	2.81	-24.12
97.25	2.81	-24.12
97.25	2.81	-24.12
97.25	2.81	-24.12
97.25	2.81	-24.12
97.25	2.81	-24.12
97.25	2.81	-24.12
97.25	2.81	-24.12
97.25	2.81	-24.12
97.25	2.81	-24.12
97.25	2.81	-24.12
97.25	2.81	-24.12
97.25	2.81	-24.12
97.25	2.81	-24.12
97.25	2.81	-24.12
97.25	2.81	-24.12
97.25	2.81	-24.12
97.25	2.81	-24.12
97.25	2.81	-24.12
97.25	2.81	-24.12
97.25	2.81	-24.12
97.25	2.81	-24.12
97.25	2.81	-24.12
97.25	2.81	-24.12
97.25	2.81	-24.12
97.25	2.81	-24.12
97.25	2.81	-24.12
97.25	2.81	-24.12
97.25	2.81	-24.12
97.25	2.81	-24.12
97.25	2.81	-24.12
97.25	2.81	-24.12
97.25	2.81	-24.12
97.25	2.81	-24.12
97.25	2.81	-24.12
97.25	2.81	-24.12
97.25	2.81	-24.12
97.25	2.81	-24.12
97.25	2.81	-24.12
97.25	2.81	-24.12
97.25	2.81	-24.12
97.25	2.81	-24.12
97.25	2.81	-24.12
97.25	2.81	-24.12
97.25	2.81	-24.12
97.25	2.81	-24.12
97.25	2.81	-24.12
97.25	2.81	-24.12
97.25	2.81	-24.12
97.25	2.81	-24.12
97.25	2.81	-24.12
97.25	2.81	-24.12
97.25	2.81	-24.12
97.25	2.81	-24.12
97.25	2.81	-24.12
97.25	2.81	-24.12
97.25	2.81	-24.12
97.25	2.81	-24.12
97.25	2.81	-24.12
97.25	2.81	-24.12
97.25	2.81	-24.12
97.25	2.81	-24.12
97.25	2.81	-24.12
97.25	2.81	-24.12
97.25	2.81	-24.12
97.25	2.81	-24.12
97.25	2.81	-24.12
97.25	2.81	-24.12
97.25	2.81	-24.12
97.25	2.81	-24.12
97.25	2.81	-24.12
97.25	2.81	-24.12
97.25	2.81	-24.12
97.25	2.81	-24.12
97.25	2.81	-24.12
97.25	2.81	-24.12
97.25	2.81	-24.12
97.25	2.81	-24.12
97.25	2.81	-24.12
97.25	2.81	-24.12
97.25	2.81	-24.12
97.25	2.81	-24.12
97.25	2.81	-24.12
97.25	2.81	-24.12
97.25	2.81	-24.12
97.25	2.81	-24.12
97.25	2.81	-24.12
97.25	2.81	-24.12
97.25	2.81	-24.12
97.25	2.81	-24.12
97.25	2.81	-24.12
97.25	2.81	-24.12
97.25	2.81	-24.12
97.25	2.81	-24.12
97.25	2.81	-24.12
97.25	2.81	-24.12
97.25	2.81	-24.12
97.25	2.81	-24.12
97.25	2.81	-24.12
97.25	2.81	-24.12
97.25	2.81	-24.12
97.25	2.81	-24.12
97.25	2.81	-24.12
97.25	2.81	-24.12
97.25	2.81	-24.12
97.25	2.81	-24.12
97.25	2.81	-24.12
97.25	2.81	-24.12
97.25	2.81	-24.12
97.25	2.81	-24.12
97.25	2.81	-24.12
97.25	2.81	-24.12
97.25	2.81	-24.12
97.25	2.81	-24.12
97.25	2.81	-24.12
97.25	2.81	-24.12
97.25	2.81	-24.12
97.25	2.81	-24.12
97.25	2.81	-24.12
97.25	2.81	-24.12
97.25	2.81	-24.12
97.25	2.81	-24.12
97.25	2.81	-24.12
97.25	2.81	-24.12
97.25	2.81	-24.12
97.25	2.81	-24.12
97.25	2.81	-24.12
97.25	2.81	-24.12
97.25	2.81	-24.12
97.25	2.81	-24.12
97.25	2.81	-24.12
97.25	2.81	-24.12
97.25	2.81	-24.12
97.25	2.81	-24.12
97.25	2.81	-24.12
97.25	2.81	-24.12
97.25	2.81	-24.12
97.25	2.81	-24.12
97.25	2.81	-24.12
97.25	2.81	-24.12
97.25	2.81	-24.12
97.25	2.81	-24.12
97.25	2.81	-24.12
97.25	2.81	-24.12
97.25	2.81	-24.12
97.25	2.81	-24.12
97.25	2.81	-24.12
97.25	2.81	-24.12
97.25	2.81	-24.12
97.25	2.81	-24.12
97.25	2.81	-24.12
97.25	2.81	-24.12
97.25	2.81	-24.12
97.25	2.81	-24.12
97.25	2.81	-24.12
97.25	2.81	-24.12
97.25	2.81	-24.12
97.25	2.81	-24.12
97.25	2.81	-24.12
97.25	2.81	-24.12
97.25	2.81	-24.12
97.25	2.81	-24.12
97.25	2.81	-24.12
97.25	2.81	-24.12
97.25	2.81	-24.12
97.25	2.81	-24.12
97.25	2.81	-24.12
97.25	2.81	-24.12
97.25	2.81	-24.12
97.25	2.81	-24.12
97.25	2.81	-24.12
97.25	2.81	-24.12
97.25	2.81	-24.12
97.25	2.81	-24.12
97.25	2.81	-24.12
97.25	2.81	-24.12
97.25	2.81	-24.12
97.25	2.81	-24.12
97.25	2.81	-24.12
97.25	2.81	-24.12
98.06	0.12	-14.81
88.5	-23.19	19.56
88.25	-21.62	28.62
93.56	-3.69	22.56
94.25	2.31	8
94.31	2.38	8.63
87.94	2.44	4.44
86.31	2.06	8.25
78.87	-16.56	72.87
67.44	-49.94	48.88
69.12	-55.25	39.63
72.25	-51.81	40.19
74.75	-50.06	42.19
75.12	-49.75	41.06
76.25	-48.75	42.06
83.75	-48.31	39.38
76.69	-47.88	63.31
58.5	-48.25	98.62
30	-49	132.44
15.63	-49.44	141.81
67.56	-45.56	86.81
64.56	-45.56	90.69
64.44	-45.56	91.75
55.38	-50.13	99.69
57.31	-49.94	98.56
59.5	-49.69	95.69
45.25	-47.44	116.56
36.94	-46.13	125.75
69.44	-45.13	79.69
106.31	-7.69	59.94
98.44	14.56	71.44
96.19	23.87	89.19
78.44	23.94	99.62
77.31	21.44	97.75
76.25	19.25	96.81
75.69	18.69	95.06
76.19	18.56	94.06
76.56	19	93.25
97.62	30.81	101.31
81.5	50.88	43.31
100.75	56.63	48.44
157.5	69.81	72.12
209.69	72.69	82.75
230.5	71.25	70.75
247.88	69.25	63.38
254.13	69.81	60.06
256.88	64.44	55.5
228.75	12.19	61.56
223.13	4.5	83.5
228	11	97.06
233	12.06	98.12
235.63	12.69	99.25
240.25	13.19	98.87
242.56	13.63	99
247.5	13.19	101.87
259.63	15.56	101.5
290.06	22.19	103.62
287.44	20.87	105.19
270.5	19.62	102.62
265.88	19.56	100.56
270.5	19.12	100.44
262.31	21.06	93.19
275.13	54.94	61.88
269.63	63.31	70.12
277.19	68.75	75.94
282.94	71	77.44
283.81	71.06	69.75
283.13	71.44	73.44
283.81	71.87	72.69
284.06	71.94	71.44
283.06	71.5	72.75
279.94	71.44	71.87
276.69	71.06	72.12
278.13	71.44	71.5
286.25	69.62	70.37
286	72.81	59.06
289.13	75.81	56.06
287.19	77.75	65.87
285.63	69.5	71.37
276.25	65.87	73.06
274.75	66.44	74.62
275.44	59.88	75.37
245.81	23.37	91.87
227.31	7.19	77.81
220.31	18.62	71.44
220.56	18.19	77.25
195.38	11	81.87
197.44	15	75.44
208.56	19.37	69.06
206.31	16.75	65.62
203.25	13.81	69
203.75	14.13	68.31
204.56	14.94	68
210.5	21	68.06
210.81	21.75	65.87
214.13	23.06	64
242.13	28.62	50.81
294.38	37.25	31.37
310.19	33.69	27.37
310.88	33.56	28.25
308.56	33.25	27.94
308.25	32.75	28.44
307.06	32.13	28.87
298.94	24.06	76.31
286.25	18.56	126.5
53.94	16.25	144.31
254.5	5.13	41.38
251.31	-0.31	-15.13
234.75	-0.5	-45
233.88	2.94	-47.19
247.06	3.88	-47.25
259.13	9.13	-38.81
250.81	15.94	-42.56
248.56	16.62	-42.88
247.63	17.19	-42.06
247.19	16.75	-41.63
247.13	16.75	-42.56
248.38	16.62	-42.38
248.88	16.12	-41.38
248.69	15.5	-41
246.38	14.13	-35.13
246.13	13.31	-12.38
234	20.5	-13.56
202.94	13.69	-18.19
173.19	17.37	-27.75
133.13	20.87	-43.5
139.75	-1	-42.38
137.56	4.44	-43.56
132.06	21	-39.31
123.75	20.44	-37.63
128.63	22.25	-36.63
127.44	19.81	-23.5
162.69	28.37	-17.69
196.19	39.81	-18.75
217.63	30.44	-23.37
245.06	33.69	-28.19
234.81	31.87	-26.81
214.44	31.31	-24.25
212.13	31.75	1.12
197.31	40.13	-15.31
178.31	55.81	-35.94
54.5	77.37	-16.69
1.81	83.31	-3.44
2.69	79.56	25.12
25.62	81.19	19.75
37.63	83.69	1.19
55.81	81.44	-3.19
72.31	82.62	-27.75
85.81	81.56	-27.5
76.81	82.69	-45
68.75	81.56	5.44
79.37	83	-1.31
81	84.69	2.5
79.19	84.81	1.37
60	79.56	-12.5
56.06	75.69	13.5
29.87	79.06	13.44
12.31	78.94	15
25.19	81.06	11.19
60.06	86.81	-178
65.44	58.06	-134.56
72.06	40.69	-113.37
80.75	38.44	-100.12
86.31	37	-93.31
78	45	-89.62
64.25	60.75	-118.37
61.63	57.94	-133.19
66.31	54.5	-135.19
57.63	52.81	-135.25
41.63	53.06	-150.56
32.44	56.81	-149.56
29.19	58.88	-149.38
28.5	59.75	-149.81
29.31	58.31	-146.31
30	59.81	-146.56
33.06	57.19	-150
23.81	53.13	-151.06
12.63	50.94	-155.63
13.56	49.06	-154.06
15	48.5	-154.31
16.44	49.5	-152.69
11.94	52.13	-150.31
10.25	51.69	-147.31
345.31	54.31	-158.63
0.56	51.75	-154.69
28.69	51.63	-134.25
36.56	46.38	-138
38.25	45.56	-135.88
35.13	40.75	-137.44
32.5	43.25	-142.19
26.69	47.75	-147.25
26.87	48.81	-144.94
17.12	49.31	-155.19
22.44	50.81	-171.44
12.44	32.63	173.75
1.31	30.12	-166.5
359	31.25	-169.31
332.69	22.31	163
142.88	9.88	-77
152.25	12.94	11.88
157.63	21.06	35.63
158	28.87	68
132.31	20.5	86.19
130.06	20.56	87
129.75	20.62	87.12
124.5	20.62	87.56
114.94	20.81	87.94
123.19	28.75	60.19
123.69	30.12	42.69
111.75	17.69	43.56
103	18.06	40.44
116.44	22.44	41
127.69	12.75	25.5
126.06	11.19	21.19
137.69	20.5	17
137.5	19.75	16.19
137.88	19.75	15.19
136.13	19.19	24.19
126.75	17.5	66.06
130.38	16.19	65.12
131.81	22	52.56
127.44	19.69	55.63
123	18.12	44.06
122	18.19	40.38
123.25	18.06	40
123.62	17.69	38.06
124.69	18.69	42.5
131.94	16.37	75.37
137.38	14.56	116.62
137.69	14	117.94
134.19	14.44	117.44
131.13	15.56	117.25
106.31	15.38	118.62
76.56	13.06	122.94
63.75	15.5	122.5
71.81	27.19	95.87
83.94	19.87	44.94
82	18.62	45.81
98.19	42.31	57.56
74.56	41.13	96.69
48.06	21.19	105.5
44.94	24.37	119.69
39.25	22.56	127
14.25	20	120.19
5.69	13.94	121.62
359.63	16.62	120.75
322.69	9.88	117.5
320.06	16.5	121.25
306.63	13.44	117.31
3.81	30.31	119.75
345.13	24.31	111.5
344.81	25.44	119.12
356.38	27.69	110.19
354.69	29.31	102.81
348.19	26.56	103
346.81	30.37	98.37
349.44	27.62	101.56
355.69	25.94	96.56
2.13	29.75	94.69
15.63	31.19	98.5
11.81	31.81	98.19
17.44	30.19	98.81
2.38	33	101.56
24.44	36	101.31
11.69	33.13	92.31
32.13	37.31	91.12
19.19	32.31	83.81
31.37	34.81	81.56
45.31	38.69	80.31
57.69	40.88	81.25
35.75	32.44	82.25
23.94	30.19	91.12
27.94	34.69	84.5
27.62	40	103.81
21.94	32.13	90.69
7.88	22.75	91.56
5.44	21.31	87.56
338.31	13.38	84.62
9.13	23.44	90.19
3.06	24.44	89
12.19	22.56	88
356.56	20.06	88.06
0	16.69	83.31
328	15.63	82.69
342.88	22.5	88.25
331.81	20.94	93.19
38.75	34.75	101.19
30.62	43.5	86.87
48.19	52.25	84.19
20.87	52.81	87.5
33.38	50.94	92.06
29	53.06	87.62
46.88	52.94	91.62
32	52.81	86
43	50.94	85.12
29.12	54.38	87.94
50.94	57.81	86.31
48.25	58.19	87
55.56	54.75	88.12
48.25	52.63	79.81
44.63	53.81	83.12
49.19	53.5	83.19
33.25	54.75	85.37
41.06	53.31	83.62
40.19	56.25	79.31
42.56	54.44	83.81
40.13	55.19	87.75
47.25	55.94	83.69
47.5	55.88	88.87
46.81	55.31	83.12
42.31	57.94	89.75
38.94	53.56	88.12
28.87	54.44	93.87
32.31	54.13	91.56
37.69	53.75	93.81
41.25	55.25	91.31
28.62	57.44	91.69
36.19	55.75	95.12
12.31	55.75	93.75
26.75	58.63	93.62
16.87	56.63	94.5
8.81	57.19	88.75
6	54.19	90.56
6.88	53.56	84.37
15.88	56.94	92.87
13.5	56.56	95.12
24.25	59.56	92.75
21.75	59.06	93.94
44.13	65.87	99.69
36	65.62	100.06
29.94	60.56	98.12
15.63	61.88	101.31
5.75	55.69	98.19
5.5	54.88	98.56
15.25	57.75	99.62
7.75	55.94	97.5
17.12	55.44	95.75
10.81	58.63	91.06
18.87	58.38	88.62
6.63	56	90.62
18.56	57.44	89.06
3.31	55.06	90.75
18.44	55.75	88.37
13.56	60.56	93.87
19.62	53.56	87.37
7.13	57.5	92.37
20.62	57.44	89
14.06	57.44	83.44
23.69	57.44	82.75
9.19	56.38	85.69
21.31	56.81	81.5
18.44	59.31	85.94
23.25	57.13	77.62
9.75	60.44	84.69
17.31	58.56	85.94
13.19	59.81	85.75
14.75	60.13	84.62
14.19	59.56	82.87
23	61	86.12
20.69	62.63	90.25
33.44	63.38	107.81
32.06	65.25	90.06
22.87	66.25	83.37
29.5	63.63	79.75
14.31	61.63	68.31
35.25	61	69.94
14.69	60	73.81
29.5	59.19	73.5
16.44	60.69	71.81
29.25	59.19	73.06
15.25	59.25	81.56
19.75	58.63	80.69
12.19	59.19	78.62
28.94	58	79.44
14.13	60.31	70.31
29.12	58.19	74.12
16.56	59.75	74.56
27.5	58.94	75.75
6.13	58	82.94
30.5	63.81	76
14.5	54.81	77
17.25	56.69	87.69
35.25	62.06	91.5
16.31	59.19	86.5
16.31	60.19	90.69
13.88	65.94	93.31
21.06	62.5	94.69
19.44	64.62	78.25
31.44	65.25	84.94
28	63.69	80.81
27	65.31	82.56
24.06	64.87	77.31
29.12	65.62	86.75
29.87	62.06	68.37
34.06	61.25	70.94
26.5	56.38	64.87
25	50.31	70.62
22.44	57.44	67
21.69	55.63	68.19
11	61.56	77.25
20.87	60.63	72.94
17.31	62.38	76.5
24.87	60.5	71.75
27.56	64.69	67
37.38	64.12	62.75
32.88	57.31	61.5
31.19	66	58.94
40.31	60.19	49
30.75	61.63	59.31
56.81	57.69	47.81
54.94	47.13	31.37
72.75	42.75	26.62
64.62	39.31	15.25
80.44	44.38	11.5
66.25	42.94	0.81
83.75	44.75	3.19
71.56	45	11.81
74.37	43.31	2.88
62.81	45.44	-0.37
78.56	47.44	6.44
60.19	48.13	6.44
79.44	46.94	6.69
59.69	43.06	-3
76.87	48.38	-5.13
56.88	50.31	-12.5
80.12	50.38	-16.25
59.69	45.81	-16.62
65	73.31	-52.25
18	80.44	12.38
46.06	82	60.25
17.62	83	36.56
35.81	79.81	82.87
22.81	82.56	98.56
39.19	71.06	96
32.75	81.44	110.37
40.69	81.87	107
38.06	81.81	92.87
41.44	80.06	102.75
47.5	75.31	80.31
41.38	71	99.75
41.63	73.06	87.25
36.31	76.06	96.19
45.13	74.75	122.94
39.19	72.06	102.62
47.44	74.19	95
40.75	77.87	99.81
34.06	81	126.56
23.31	73.44	108.94
32.88	77.19	141.06
16.19	72.75	124.12
26.31	77.75	132.31
19.94	74.37	116.44
30.87	76.25	137.69
22.06	68.19	124.19
35.81	79.5	153.75
31.87	70.37	129.13
38	75.31	158.44
27.62	74.56	121.25
32.44	80	147.56
32.25	76	137.44
35	78.19	175.88
21.62	74.12	126.81
29.44	77.06	136.75
18.19	71.81	112.56
39.19	78.69	139.88
21.37	70.75	123.37
32.06	76.62	143.19
30.31	70.69	128.06
38.19	74.37	143.94
31.87	70.62	134.63
42.56	77	147.13
34.75	72.37	140.88
36.88	76.06	139.81
24.87	71.5	131.31
30.94	75.31	139.81
19.06	72.56	136.06
26.69	75.44	137.38
11.88	69.12	129.06
20.06	76.62	140.94
19.87	70.69	130.63
18.37	74.94	143.44
15.94	72.06	136.38
17.06	67.62	126.12
13.13	71.62	134.88
18.31	72.69	135.38
9.31	67.87	131.94
21.19	70.19	137.31
20.12	69.75	127.62
21	68.31	123.56
13.88	63.38	120.25
27	64.12	129.63
19.56	67.12	136.63
28.44	65.87	125.87
24.06	69.5	136.63
24.37	65.75	127.75
23.19	68.12	135.75
43.25	70.75	143.75
30.5	68.31	136.63
31.06	72.75	147.94
10.5	66.87	119.75
29.87	75.44	125.19
17.69	67.5	107.06
22.19	72.69	106.56
19.56	66.56	104.19
26.94	77.06	108.75
22.37	74.62	115.5
34.19	79.44	137.69
19.25	70.12	112.81
34.38	76.62	108.25
18.5	69.94	126
30.62	71.69	120.87
23.19	70.75	115.94
33.31	72.12	121.37
31.87	75.44	121.12
39	73.75	116.44
31.19	72.44	119
38.88	75.5	119.94
32.94	68.81	116.44
24.87	62.81	128.19
9.69	64.37	120.12
14.06	69.62	120.12
358.69	67.81	110.62
3.75	66.31	113.31
12.75	65.5	123.94
21.44	67.5	125.75
15	64.81	122.62
18.56	65.56	125.19
11.44	67.87	113.62
17.12	70.5	127.44
14.63	68.69	133.13
18.25	73.25	138.19
9.75	67.12	125.56
18.81	69.5	146.19
14.94	65.56	123.87
22.37	74.31	139.63
12.13	66.56	127.5
5.75	68.69	150.75
350.5	63.94	115.62
5.06	69	132.13
1.88	61.19	126.37
2.44	66.56	133.06
12	66.69	127.19
9.81	66.44	135.5
7.75	69	142.25
2.13	66.06	144.63
10.44	71.19	147
0.12	66.37	130.69
13.63	75	142.81
8.88	65.25	127.75
17.06	69.81	142.13
18.06	69.56	135.63
14.31	71.56	145.31
5.06	65.44	135.94
10.81	71.5	157.81
359.31	65.69	135.19
13.56	70.75	163.5
9.56	67.87	138.31
23.5	74.25	156.19
14.38	66.81	131.81
29.31	70.06	167.56
14.81	67.44	134.19
14.75	70.75	163.69
1.19	64.12	126.62
3.94	68.75	154.81
6.13	68.12	122.25
7.81	71.06	131.75
356.19	63.69	113.94
9.38	67.69	152.31
4.63	64.12	127.31
2.56	66.25	147.19
358.13	62.75	134.44
348.56	60.94	135.56
350.5	63.31	138.19
351	65.87	141.13
357.25	64	126.94
358.56	67.06	144.19
355.06	64.31	127.56
356.81	70.12	142.94
337.94	63.13	115.81
344.25	66.5	144.69
344.25	64.69	126.31
349.63	67.31	140.75
338.81	63	117.5
348.69	68.31	139.44
356	63.63	118.75
350.81	69.31	141
352.06	67.87	130.19
346.06	63.81	135.75
343.38	64.69	121.25
342.44	65.87	133
353.19	67.37	141.88
349.44	67.69	136.69
350.5	68.25	155.19
333.94	63.5	125.06
342.25	69.62	145.94
316.63	60.19	113.69
334.44	68.5	144.25
330.81	63.88	128.13
353.44	70.5	139.81
353.19	64.31	125.31
339	69.31	133.19
326.63	61.75	123.81
322.56	65	123.31
333	62.19	133.63
335.94	62.5	130.63
342.94	64	127.5
353.31	69.12	138.69
355.75	63.38	130.63
348.81	66.81	137.44
345.81	60.69	130.31
346.56	65.37	137.63
4.25	67.06	137.88
6	70.19	144.56
358.94	64.62	127.62
2.88	67.19	136.13
2	64	130.44
0.25	65.31	135.19
10.69	68	129.44
9.38	68.31	131.75
13	69.62	132.06
14.56	72.44	149.19
26.19	75.12	155.06
16.81	67.06	138.25
24.62	75	145.69
4.75	65.5	119.44
32.69	71.31	157.38
22.12	68.81	126.25
22.12	74.31	144.25
18.75	68	131.69
18.69	70.31	145.38
22.81	65.06	134.75
17.87	65.69	136.25
21.5	68.87	136
14.44	66.06	142.56
24.19	68	141.19
17.81	67.75	143.13
14.19	65.81	120.25
7.19	66	125.75
23.81	67.37	131.38
24.81	65.81	134.75
32.13	68.81	138
25.37	65.25	126.44
37.38	73.31	144.44
9.81	65.81	120
22.5	75.19	139.44
14.75	66.87	125.12
14.69	69.37	138.38
10.75	62.44	126.62
35.19	69.62	149.5
30	68	130.63
40.19	74.69	152.63
30	68.94	130
42.13	72.37	154
29.44	66.37	125.69
39.94	72	140.63
28.87	68.5	136.56
41.13	73.06	153.19
39.31	71.56	144.56
43.88	70.25	144.38
40.31	70.81	147.13
38.5	68.44	132.69
38.94	67.62	148.81
33.44	66.94	135.94
36.06	71.5	149.56
27.12	67.5	133
23.19	69.81	137.06
27.12	62	137.44
22.25	63.06	145.13
23.44	61.75	136.5
23.06	65.94	145.75
18.37	60.94	138.13
15.5	63.25	141.31
21.19	61.56	139.5
22.87	64.12	144.38
29.75	61.69	141.69
31.31	65.44	150.06
35.94	64	141.31
30.5	66.81	142.19
27.81	62.56	131.88
11.06	64.81	134.94
13.81	60.88	136.81
10.25	61.38	129.5
32.69	65	152.56
52.75	71.44	154.19
54.88	67	-142
95.5	48.81	-102.37
101.5	49.31	-112
110.06	48.56	-112.31
98.25	59.19	-128.63
42.75	67.69	134.44
54.94	68.81	128.19
36.25	55.81	125.31
29.44	55.81	126.25
10.25	56.13	110.62
49.13	83.31	173.38
50.88	64.75	5
23.75	37.75	-14.19
22.31	21.06	-27.75
18.81	10.06	-53
13.31	0.25	-47
359.88	0.19	-40.75
353.13	-0.31	13
356.81	0.12	21.44
348.88	-0.56	23.81
345.19	-0.69	24
342.38	-0.81	23.87
339.81	-0.88	24
338.19	-0.94	24.12
336.88	-0.94	24.12
335.44	-0.94	24.06
334.31	-0.94	24.12
333.38	-1	24.25
332.63	-1	24.31
331.88	-1	24.31
332	-1.06	24.37
332.19	-1	24.44
332.31	-1.06	24.5
332.38	-1.06	24.5
332.38	-1.06	24.44
332.38	-1.06	24.37
332.31	-1.06	24.37
332.31	-1.12	24.37
332.31	-1.12	24.19
332.31	-1.12	24.12
332.31	-1.12	24.06
332.38	-1.12	24.19
332.38	-1.06	24.19
332.38	-1.06	24.12
332.38	-1.06	24.25
332.38	-1.06	24.44
332.38	-1.06	24.37
332.38	-1.06	24.19
332.38	-1.06	24.19
332.31	-1.06	24.25
332.38	-1.06	24.19
332.38	-1.06	24.25
332.38	-1.06	24.25
332.31	-1	24.31
332.31	-1	24.25
332.31	-1	24.31
332.31	-1	24.31
332.31	-1.06	24.19
332.31	-1.06	24.12
332.31	-1.06	24.19
332.31	-1.06	24.25
332.31	-1.06	24.19
332.31	-1.06	24.25
332.31	-1	24.19
332.31	-1	24.31
332.31	-1	24.56
332.31	-1	24.5
332.31	-1	24.62
332.31	-1	24.62
332.31	-1	24.5
332.31	-0.94	24.44
332.31	-0.94	24.37
332.31	-0.94	24.44
332.31	-0.88	24.37
332.31	-0.88	24.31
332.31	-0.88	24.31
330.94	-0.94	24.31
330.44	-0.94	24.44
329.69	-0.94	24.44
329.31	-0.94	24.37
328.81	-0.94	24.19
328.56	-1.06	24.37
328.81	-1.06	24.31
328.94	-1	24.12
329.06	-1.12	24.19
329.31	-1.12	24.19
329.25	-1.06	24
329.19	-1.19	24.31
328.69	-1.19	24.25
328.38	-1.19	24.19
328.38	-1.19	24.12
328.38	-1.19	24.06
328.38	-1.19	24.06
328.38	-1.19	24.06
328.38	-1.19	24.12
328.38	-1.19	24.12
328.38	-1.19	24.19
328.38	-1.19	24.25
328.38	-1.19	24.19
328.38	-1.12	24.25
328.38	-1.12	24.12
328.38	-1.12	24.19
328.31	-1.19	24
328.31	-1.19	24.12
328.31	-1.19	24.12
328.31	-1.19	24.12
328.31	-1.25	24.12
328.31	-1.25	24.25
328.31	-1.25	24.12
328.31	-1.19	24.12
328.31	-1.25	24.19
328.31	-1.19	24.12
328.31	-1.12	24
328.31	-1.19	24.06
328.31	-1.19	24.12
328.31	-1.19	24.19
328.31	-1.19	24.12
328.31	-1.19	24.19
328.31	-1.19	24.25
328.31	-1.19	24.25
328.31	-1.19	24.31
328.31	-1.19	24.31
328.31	-1.19	24.31
328.31	-1.19	24.25
328.31	-1.12	24.19
328.31	-1.12	24.12
328.31	-1.12	24.25
328.31	-1.06	24.25
328.31	-1.06	24.12
328.31	-1.06	24.06
328.31	-1.06	24.06
328.31	-1.06	24.06
328.31	-1.06	24.12
328.31	-1.06	24.12
328.31	-1.12	24.06
328.31	-1.12	24.12
328.25	-1.06	24.19
328.25	-1.06	24.19
328.25	-1.06	24.19
328.25	-1.06	24.25
328.25	-1.06	24.19
328.31	-1.06	24.31
328.25	-1.06	24.25
328.25	-1.06	24.19
328.25	-1.06	24.19
328.25	-1.06	24.25
328.25	-1.06	24.31
328.25	-1.06	24.37
328.25	-1.06	24.44
328.25	-1.06	24.44
328.25	-1.06	24.44
328.25	-1.06	24.37
328.25	-1.06	24.31
328.25	-1.06	24.25
328.25	-1.06	24.25
328.25	-1.12	24.25
328.25	-1.12	24.25
328.19	-1.06	24.19
328.19	-1.06	24.12
328.25	-1.06	24.12
328.19	-1.12	24.19
328.25	-1.06	24.31
328.25	-1.12	24.44
328.25	-1.06	24.37
328.25	-1.12	24.56
328.25	-1.06	24.56
328.25	-1.06	24.56
328.25	-1.06	24.5
328.25	-1.06	24.56
328.25	-1.06	25.06
328.25	-1.06	24.44
328.25	-1.06	23.62
328.25	-1.06	23.44
328.25	-1.06	23.87
328.25	-1.06	24.19
328.31	-1.25	25
328.31	-1.19	24.94
328.31	-1.19	25
328.31	-1.19	25
328.31	-1.19	25
328.31	-1.19	25.06
328.31	-1.19	25.06
328.31	-1.19	24.94
328.31	-1.19	25.06
328.31	-1.19	25.19
328.31	-1.19	25.12
323.25	-1.25	27.56
313.25	-0.5	29.31
302.06	2.88	64.5
298.44	2.56	65.5
297.31	-0.88	66.69
298.38	-1.19	66.81
298.44	-1.37	66.5
304.06	5.19	72.56
319	-2.38	67
324.69	-0.5	55.69
326.63	-0.44	56.19
327.88	-0.44	56.13
328.81	-0.37	56.19
329.5	-0.37	56.19
329.94	-0.37	56.19
330.25	-0.37	56.25
330.69	-0.37	56.31
330.81	-0.37	56.31
331.38	-0.37	56.31
331.06	-0.37	56.31
331.19	-0.31	56.25
331.13	-0.31	56.31
331.13	-0.31	56.31
331.19	-0.31	56.38
331.13	-0.31	56.44
331.13	-0.37	56.38
331.13	-0.37	56.31
331.13	-0.37	56.31
331.06	-0.37	56.25
331.13	-0.37	55.94
331.06	-0.37	56.06
331.13	-0.37	56.06
331.13	-0.37	56.13
331.13	-0.37	56.13
331.13	-0.37	56.19
331.13	-0.37	56.25
331.13	-0.37	56.25
331.13	-0.31	56.31
331.13	-0.31	56.25
331.13	-0.37	56.25
331.13	-0.37	56.19
331.13	-0.31	56.38
331.13	-0.31	56.31
331.13	-0.31	56.25
331.13	-0.31	56.44
331.13	-0.31	56.25
331.13	-0.31	56.31
331.13	-0.31	56.19
331.13	-0.31	56.5
331.19	-0.31	56.38
331.19	-0.25	56.44
331.19	-0.31	56.25
331.13	-0.37	56.38
331.13	-0.37	56.25
331.13	-0.37	56.19
331.13	-0.37	56.31
331.13	-0.37	56.38
331.13	-0.44	56.38
331.13	-0.44	56.44
331.06	-0.44	56.56
331.06	-0.44	56.31
331.06	-0.44	56.44
331.06	-0.44	56.44
331.06	-0.37	56.5
331.06	-0.37	56.31
331.06	-0.37	56.31
331.06	-0.37	56.31
331.06	-0.37	56.38
331.06	-0.37	56.31
331.06	-0.37	56.31
331.06	-0.37	56.31
331.06	-0.37	56.31
331.13	-0.25	56.19
331	-0.37	57.25
331	-0.37	56.56
331	-0.37	56.5
331	-0.37	56.44
331	-0.37	56.44
331	-0.37	56.38
331	-0.37	56.38
331	-0.37	56.38
331	-0.37	56.44
331	-0.37	56.31
331	-0.37	56.5
331	-0.37	56.44
331	-0.37	56.44
331	-0.37	56.5
331	-0.37	56.5
331	-0.37	56.56
330.94	-0.37	56.56
330.94	-0.44	56.44
330.94	-0.44	56.44
330.94	-0.44	56.44
330.94	-0.44	56.56
330.94	-0.44	56.5
330.94	-0.44	56.56
330.94	-0.44	56.5
330.94	-0.44	56.44
330.94	-0.44	56.25
330.94	-0.44	56.38
330.94	-0.44	56.38
330.94	-0.44	56.38
330.94	-0.5	56.19
330.94	-0.44	56.31
331	-0.44	56.19
331	-0.44	56.44
330.94	-0.44	56.44
331	-0.37	56.31
331	-0.37	56.38
331	-0.37	56.31
331	-0.37	56.31
331	-0.37	56.31
331	-0.37	56.38
331	-0.44	56.25
330.94	-0.44	56.25
330.94	-0.44	56.31
330.94	-0.44	56.44
330.94	-0.44	56.44
330.94	-0.44	56.44
330.94	-0.44	56.44
331	-0.44	56.44
331	-0.44	56.5
331	-0.44	56.5
331	-0.44	56.5
331.06	-0.44	56.56
331.06	-0.44	56.5
331.06	-0.44	56.56
331.06	-0.44	56.63
331.06	-0.44	56.63
331.06	-0.44	56.56
331.06	-0.44	56.56
331.06	-0.44	56.63
331.13	-0.37	56.63
331.06	-0.44	56.56
331.13	-0.44	56.75
331.06	-0.44	56.75
331.06	-0.44	56.63
331.06	-0.5	56.5
331.06	-0.44	56.56
331.06	-0.44	56.56
331.06	-0.44	56.63
331.06	-0.44	56.63
331.06	-0.44	56.75
331.06	-0.44	56.75
331.06	-0.44	56.75
331.06	-0.44	56.81
331.06	-0.44	56.88
331.06	-0.44	56.88
331.13	-0.44	56.75
331.13	-0.44	56.69
331.13	-0.44	56.69
331.13	-0.44	56.56
331.13	-0.44	56.63
331.13	-0.44	56.69
331.13	-0.44	56.69
331.13	-0.44	56.75
331.13	-0.44	56.75
331.13	-0.44	56.88
331.13	-0.44	56.88
331.13	-0.44	56.88
331.13	-0.44	56.75
331.13	-0.44	56.69
331.13	-0.44	56.69
331.13	-0.44	56.69
331.13	-0.44	56.75
331.13	-0.44	56.81
331.13	-0.44	56.81
331.13	-0.44	56.88
331.13	-0.44	56.94
331.13	-0.44	56.94
331.13	-0.44	56.88
331.13	-0.44	56.81
331.13	-0.44	56.81
331.13	-0.44	56.88
331.13	-0.44	56.81
331.13	-0.44	56.94
331.13	-0.44	56.81
331.13	-0.44	56.75
331.13	-0.44	56.75
331.13	-0.44	56.75
331.13	-0.44	56.75
331.13	-0.44	56.75
331.13	-0.44	56.88
331.13	-0.44	56.81
331.13	-0.44	56.81
331.13	-0.44	56.81
331.13	-0.44	56.88
331.13	-0.44	56.75
331.06	-0.44	56.75
331.13	-0.44	56.81
331.06	-0.5	56.75
331.06	-0.5	56.81
331.06	-0.5	56.88
331.13	-0.44	56.88
331.13	-0.44	56.88
331.13	-0.44	57
331.06	-0.5	57
331.06	-0.5	56.94
331.06	-0.5	56.75
331.06	-0.5	56.81
331.06	-0.5	56.81
331.06	-0.5	57
331.06	-0.5	57
331.06	-0.5	57
331.06	-0.5	57
331.06	-0.5	56.88
331.06	-0.5	57
331.06	-0.5	57.06
331.06	-0.5	57
331.06	-0.5	57.25
331.06	-0.44	57.31
331.06	-0.5	57.31
331.06	-0.5	57.19
331.06	-0.5	57.19
331.06	-0.5	57.19
331.06	-0.5	57.25
331.06	-0.5	57.63
331.06	-0.44	57.5
331.06	-0.44	57.63
331.06	-0.44	57.69
330.94	-0.44	58.13
330.81	-0.37	58.06
330.75	-0.37	57.88
330.75	-0.44	57.94
330.75	-0.44	58.06
330.56	-0.44	58.94
329.56	-0.44	60.31
329.56	-0.44	60.19
329.56	-0.44	59.88
329.56	-0.44	59.19
329.5	-0.44	58.88
329.5	-0.44	59.25
329.5	-0.44	59
329.5	-0.44	58.94
329.5	-0.44	59
329.5	-0.44	59.06
329.5	-0.44	59.06
329.38	-0.44	59.75
329.38	-0.44	59.25
329.38	-0.44	59.06
329.38	-0.44	59.13
329.38	-0.44	59.13
329.38	-0.44	59.13
330.75	-0.44	61.5
332.38	-0.25	53.63
327.63	-0.12	56.81
329.81	-0.12	75.5
330.06	-0.12	74.87
330.31	-0.31	74.06
331.31	-0.31	72.06
334.63	-0.31	73.75
335	-0.37	78.19
334.75	-0.31	72.5
332.44	-0.31	69.62
329.69	-0.25	62.56
327.88	-0.25	63.63
326.69	-0.19	60.94
325.69	-0.25	60.63
325.31	-0.25	60.69
324.81	-0.25	60.69
324.13	-0.25	60.75
322.63	-0.19	33.56
323	0.37	-2.63
328.38	0.44	0.25
332.06	0.56	-12.13
334.69	0.63	-4.06
335.31	0.56	-3.31
336.06	0.5	-0.5
336.94	0.5	-1.31
336.81	0.5	1.63
335.06	0.56	0.5
333.38	0.5	0.5
332.31	0.5	1.12
332.81	0.5	1.19
333.56	0.5	1.31
334.31	0.56	0.94
334.5	0.56	1.06
335.25	0.56	3.06
336	0.63	3.06
336	0.56	3.94
336	0.56	4.63
336	0.44	6
336	0.44	4.88
336	0.44	5.31
336	0.44	7.13
336	0.44	7.25
335.13	0.5	7.5
327.94	0.44	7.38
321.25	0.63	4.94
316.5	0.44	7.69
313.69	0.5	8.88
312.19	0.31	10.44
311.25	0.25	13.88
310.81	0.31	13.69
310.63	0.25	13.31
310.63	0.12	14.13
310.69	0.5	10.06
310.69	0.37	12.13
311	0.56	9.63
311.13	0.69	3.38
311.19	0.69	1.06
308.44	2.63	-75.75
312.81	2.31	-76.62
311.94	1.75	-118.56
311.69	2.44	-98.12
311.63	2.5	-98.31
311.81	2.44	-96.31
311.69	2.44	-100.06
308.38	2.38	-104.75
307.94	2.31	-101.69
307.31	2.25	-97.06
307.44	2.25	-91.75
305.81	2.19	-86.12
310.31	2.31	-87.94
131.13	2.06	-137.56
131.13	1.75	-145
131.31	1.19	-155.56
134.25	0.63	-178.38
129.19	0.81	176.38
128.38	0.88	178.88
128.75	0.88	-178.25
128.81	1	-173.25
126.87	0.81	178.5
126.62	0.69	175.5
126.81	1.19	-170.88
130.81	1.06	-171
131.5	0.88	-176.5
132.13	1.06	-173.69
133.75	1.19	-171.56
133.81	1.63	-163.5
133.63	1.81	-158.69
133.56	1.69	-159.25
133.44	1.69	-156.88
133.44	1.75	-155.63
133.19	1.75	-155.06
133.25	1.81	-155.31
133.19	1.81	-154.69
133.19	1.81	-154.63
133.13	1.81	-154.69
133.13	1.75	-154.44
133.13	1.75	-154.44
133.13	1.75	-154.19
133.13	1.75	-154.06
133.13	1.81	-153.88
133.13	1.88	-154.19
133.13	1.88	-154.06
133.19	1.94	-154.13
133.19	2	-154.19
133.13	2	-154.06
133.13	1.88	-154.13
133.13	1.81	-154.5
133.13	1.81	-154.44
133.13	1.88	-154.19
133.13	1.88	-154.31
133.13	1.94	-154.38
133.19	2	-154.31
133.19	2	-154.13
133.19	2	-154.06
133.19	2.06	-154
133.19	2	-153.81
133.5	1.19	-170.31
318.81	-0.37	129
325.69	-0.88	92.5
320.5	0.25	22.62
323.31	0.56	8.94
323.31	0.5	9.75
323.31	0.56	9.88
323.31	0.5	8.25
323.31	0.63	8.63
323.44	0.56	7.5
323.44	0.56	7
324.81	0.69	-0.75
324.88	0.75	1.19
324.88	0.88	4.81
324.88	0.88	4.81
324.88	0.88	5.44
324.88	0.81	6.06
324.88	0.81	6.06
324.88	0.88	6.31
324.88	0.88	6.69
324.88	0.88	6.69
324.88	0.81	6.25
324.88	0.88	6.56
324.88	0.88	6.75
324.81	0.81	6.81
324.81	0.81	7.19
324.81	0.81	8
324.81	0.81	7.94
324.81	0.75	8.06
324.81	0.75	8.81
324.81	0.75	8.94
324.81	0.75	9
324.81	0.75	9
324.81	0.81	7.44
324.81	0.81	8.31
324.81	0.75	8.44
324.81	0.75	7.38
324.81	0.75	8.69
324.81	0.81	7.31
324.81	0.75	10.31
324.81	0.69	14.31
324.75	0.94	8.06
324.75	0.69	9
325.81	0.37	-26.69
322.81	1.31	-52.44
322.81	1.37	-52.38
322.88	1.31	-53.63
322.88	1.31	-53.56
322.75	1.37	-52.44
322.75	1.31	-49.5
322.81	1.25	-52.13
326.25	1.12	-65.81
334.19	1.44	-122.87
339.13	1.31	-122.12
335.88	1.75	-110.75
334.56	1.94	-105.12
334.5	2	-105.44
334.5	2	-105.37
334.56	1.94	-105.25
334.56	1.94	-104.94
334.56	2	-104.37
334.56	2	-104.19
334.56	2	-103.75
334.56	2.06	-102.69
334.44	2.13	-103.19
334.5	2.13	-102.44
334.44	2.13	-102.87
334.44	2.13	-101.69
334.5	2.19	-101
334.5	2.19	-101.12
334.5	2.13	-101.12
334.38	2.19	-101.06
334.38	2.19	-101.19
334.5	2.13	-99.87
334.44	2.13	-100.06
334.5	2.13	-98.62
334.44	2.13	-102.12
334.69	2	-103.44
334.63	1.94	-103.69
334.56	1.94	-105.81
334.63	1.94	-106.25
334.31	2	-109.69
334.31	1.94	-111.19
334.38	1.94	-109.75
334.31	1.94	-110.94
334.19	1.88	-115.31
334.25	1.94	-114.62
334.25	2	-112.31
334.19	2.06	-112.19
334.13	2.06	-113.87
334.44	1.88	-113.5
334.13	2	-113
334.13	2.06	-112.75
334.19	2.06	-111.69
334.31	2.13	-109.19
334.31	2.13	-107.81
334.25	2.13	-108.5
334.25	2.13	-109.37
334.31	2.13	-108.19
334.31	2.13	-108.37
334.31	2.13	-108.19
334.19	2.25	-108.19
334.19	2.31	-108.06
334.19	2.25	-107.37
334.19	2.31	-107.5
334.25	2.25	-107.12
334.19	2.31	-107
334.31	2.25	-106.69
334.38	2.19	-105.69
334.38	2.19	-105.94
334.38	2.25	-105.69
334.38	2.13	-106.62
334.25	2.31	-104.19
334.19	2.5	-101.44
334.06	2.5	-101.19
334.13	2.5	-100.56
334.13	2.44	-101.75
334	2.56	-100.87
334	2.63	-100.69
334.56	2.19	-100.25
334.31	2.38	-103.37
334.44	2.31	-101.31
334.31	2.5	-100.19
334.38	2.5	-99.06
334.38	2.5	-100.06
334.63	2.25	-100.56
334.69	2.13	-100.37
334.63	2.19	-100.62
334.56	2.31	-100.25
334.5	2.31	-100.12
334.5	2.38	-100.19
334.69	2.19	-100.62
334.56	2.31	-100.5
334.44	2.38	-100.31
334.63	2.25	-100.44
334.63	2.25	-100.31
334.63	2.25	-100.44
334.63	2.25	-100.37
342.44	2.19	-60.5
342.38	2.19	-63
342.19	2.19	-72.25
342.19	2.25	-72.25
342.13	2.25	-74.62
342	2.31	-74.31
341.94	2.13	-85.5
341.81	2.19	-92.19
341.69	2.19	-93.44
344.63	2.06	-51
342.63	2.13	-56.69
342.69	2.13	-53.13
342.69	2.13	-53.06
342.69	2.13	-52.81
342.75	2.06	-52.94
342.69	2.13	-52.94
342.75	2.06	-52.69
342.75	2.06	-52.69
342.75	2.06	-52.38
342.75	2.06	-52.38
342.81	2.06	-51.63
342.69	2.13	-51.56
342.69	2.13	-51.44
342.69	2.13	-51.56
342.69	2.06	-51.44
342.75	2.06	-51.88
342.75	2.13	-52
342.75	2.13	-51.75
342.31	2.13	-51.88
342.31	2.06	-50.5
342.25	2.13	-51.31
342.31	2.13	-51.63
342.31	2.06	-51
342.31	2.13	-51.19
342.31	2.13	-51.44
342.31	2.19	-51.31
342.31	2.19	-51.38
342.25	2.19	-51.5
342.38	2.06	-51.38
342.38	2.06	-51.38
342.38	2.06	-51.31
342.44	2.06	-51.38
342.38	2.06	-51.38
342.38	2.06	-51.5
342.38	2.13	-51.38
342.38	2.19	-51.25
342.38	2.19	-51.44
342.38	2.19	-51.5
342.44	2.19	-51.31
342.44	2.19	-51.31
342.44	2.25	-51.31
342.5	2.19	-51.31
342.56	2.13	-51.13
342.56	2.13	-51.06
342.5	2.31	-51.19
342.56	2.25	-51.06
342.56	2.13	-51
342.56	2.13	-51.31
342.56	2.13	-51.38
342.56	2.13	-51.31
342.56	2.13	-51.44
342.56	2.13	-51.38
342.56	2.19	-51.56
342.56	2.25	-51.38
342.63	2.19	-51.13
342.56	2.25	-51.06
342.69	2.06	-51.31
342.69	2.06	-51.44
342.69	2.06	-51.19
342.69	2	-51.19
342.31	2	-50.44
340.44	2	-50.25
339.06	1.94	-50.13
338.13	1.94	-50.31
337.94	1.94	-50.56
337.94	1.94	-50.56
336.75	1.94	-48.56
331.38	2.13	-36.38
331.19	2.06	-36.63
331.13	2.06	-36.75
331.13	2.06	-37
331.06	2.13	-36.88
331.06	2.19	-37.13
331.06	2.25	-36.88
331	2.06	-37.56
331	2.19	-37.13
331	2	-38
331.06	2.06	-37.56
331.06	2.13	-37.75
331.06	2.25	-37.5
331.13	2.25	-37.25
331.06	2.31	-37.13
331.13	2.25	-37.13
331.13	2.31	-36.94
331.13	2.31	-36.94
331.13	2.31	-36.94
330.88	2	-38.94
330.81	2.06	-38.56
330.88	2.19	-38.25
330.88	2.25	-38.38
330.75	2.44	-38
330.56	2.19	-38.56
330.56	2.13	-38.19
330.56	2.19	-38.38
330.63	2.19	-38.25
330.56	2.25	-38.06
330.56	2.31	-37.81
330.63	2.31	-37.56
330.69	2.19	-37.69
330.69	2.06	-37.94
330.81	2.19	-37.44
330.75	2.06	-37.75
330.38	2.25	-36.5
329.75	2.25	-37.06
329.69	2.44	-36.81
329.69	2.44	-37.13
329.69	2.38	-37.19
329.75	2.38	-37.38
329.75	2.31	-37.63
329.75	2.38	-37.69
329.63	2.56	-37.06
329.63	2.5	-37.44
329.63	2.56	-37.44
329.63	2.63	-37.38
329.63	2.56	-37.63
329.69	2.25	-37.75
329.75	2.19	-37.75
329.81	2.19	-37.69
329.31	2.19	-37.19
327.69	2.13	-37.06
327.69	2.19	-37.13
327.75	2.13	-37
326.63	2.19	-36.56
326.56	2.19	-36.88
325.88	2.19	-36.38
325.63	2.19	-36.5
325.44	2.25	-36.88
325.5	2.25	-36.75
325.5	2.38	-36.75
325.44	2.44	-36.75
325.5	2.25	-36.75
325.5	2.19	-37
325.5	2.19	-36.94
325.5	2.19	-36.94
325.25	2.25	-36.19
324.81	2.31	-35.56
324.56	2.25	-35.56
324.19	2.25	-36.13
324.19	2.25	-35.88
324.13	2.25	-36.25
323.38	2.25	-35.56
323.44	2.19	-35.94
323.5	2.19	-35.88
323.5	2.19	-35.56
323.5	2.19	-36
323.19	2.25	-33.63
322.38	2.25	-34.94
322.25	2.19	-33.44
322.06	2.06	-34.5
321.81	2.06	-34.88
319.19	2	-34.31
316.19	1.94	-34.31
316.13	1.94	-34.63
316.06	1.94	-34.44
315.88	2	-34.94
315.88	2	-35.31
315.88	2	-35.38
315.88	2	-35.5
315.88	2	-35.5
315.88	2	-35.63
315.94	2.06	-35.06
316	2	-35.25
316.13	2	-34.88
317	2	-35
317.06	2.06	-34.56
317.06	2.06	-34.63
317.13	2.13	-35.13
317.06	2.06	-35.38
317.13	2.06	-35.31
317.13	2.13	-35.38
317.13	2.13	-35.38
317.13	2.13	-35.38
317.13	2.13	-35.25
317.13	2.19	-36.06
317.13	2.25	-35.69
317.13	2.25	-35.69
317.19	2.19	-35.63
317.19	2.13	-35.75
317.25	2.06	-35.75
317.25	2.13	-35.81
317.25	2.25	-35.69
317.19	2.44	-35.31
317.19	2.5	-35.56
317.19	2.44	-35.38
317.19	2.19	-34.81
317.19	2.38	-34.25
317.19	2.31	-34.44
317.19	2.25	-35.44
317.19	2.25	-35.13
317.19	2.25	-35.31
317.19	2.38	-35
317.13	2.5	-35.06
317.25	2.19	-35.81
317.31	2.06	-35.81
317.31	2.13	-35.94
317.31	2.13	-35.81
317.31	2.13	-35.75
317.31	2.19	-35.63
317.38	2.19	-35.69
317.38	2.19	-35.56
317.38	2.25	-35.5
317.38	2.31	-35.69
317.44	2.19	-35.31
317.44	2.25	-35.69
317.5	2.25	-35.44
317.44	2.25	-35.13
317.44	2.31	-34.44
317.5	2.25	-35.06
317.5	2.19	-34.81
317.5	2.13	-34.94
317.5	2.19	-34.63
317.56	2.13	-34.56
317.56	2.13	-34.88
317.56	2.19	-34.94
317.63	2.19	-35
317.56	2.13	-35.25
317.75	2.19	-35.44
317.75	2.13	-35.5
317.75	2.25	-35.31
317.75	2.38	-34.94
317.75	2.25	-33.75
318	2.13	-32.13
318.19	2.13	-32.44
318.19	2.06	-32.94
318.19	2.13	-32.88
318	2.06	-32.5
317.94	2.06	-32.94
318	2.19	-31.94
317.94	2.13	-32.25
316	2	-26.69
310.5	2.19	-8.75
310.19	2.06	-9.69
310.19	2.19	-9.25
310.19	2.19	-9.25
310.13	2.19	-9.63
310.13	2.25	-9.06
309.44	2.19	-9.56
309.25	2.25	-8.94
309.25	2.31	-8.81
309.19	2.19	-9.25
309.25	2.31	-9.13
309.25	2.25	-9.38
309.25	2.25	-9.81
309.31	2.38	-9.31
309.31	2.38	-9.38
309.31	2.44	-8.63
309.13	2.31	-9.63
309	2.31	-9.5
309	2.31	-9.75
309	2.31	-9.88
309.06	2.31	-9.81
309	2.38	-9.63
309.06	2.31	-9.63
309	2.31	-9.94
309.06	2.38	-9.5
309.25	2.31	-9.75
309.88	2.25	-9.88
309.88	2.31	-9.94
309.88	2.31	-9.75
309.88	2.31	-9.5
309.88	2.31	-9.5
309.88	2.31	-9.81
309.88	2.25	-9.81
309.88	2.25	-10
309.88	2.19	-9.94
309.88	2.19	-9.75
309.88	2.19	-9.75
309.88	2.25	-9.63
309.88	2.13	-9.81
309.81	2.13	-9.75
309.81	2.13	-9.75
309.69	2.13	-9.81
309.69	2.19	-9.75
309.69	2.19	-9.63
309.69	2.13	-9.75
309.81	2.06	-9.81
309.81	2.06	-9.75
309.81	2.06	-9.69
309.81	2.06	-9.81
309.81	2.06	-10
309.81	2.06	-9.81
309.81	2	-9.94
309.81	2	-10
309.81	2	-10
309.81	1.94	-10.13
309.81	1.94	-10
309.81	1.94	-10.13
309.81	2	-10.06
309.81	2	-10
309.81	2	-10
309.81	2	-10
309.81	2	-9.94
309.81	2	-9.94
309.81	2.06	-10
309.88	2.19	-9.75
309.88	2.06	-9.69
309.88	2.19	-9.56
309.88	2.13	-9.63
309.88	2.06	-9.75
309.88	2.06	-9.81
309.88	2.06	-9.69
309.88	2.06	-9.81
309.88	2.06	-9.75
309.88	2.13	-9.81
309.88	2.13	-9.75
309.88	2.13	-9.69
309.88	2.13	-9.63
309.88	2.06	-9.69
309.88	2.06	-9.81
309.88	2.19	-9.56
309.94	2.25	-9.38
309.75	2.19	-9.81
309.81	2.19	-9.44
309.81	2.13	-9.81
309.81	2.19	-9.69
309.81	2.25	-9.44
309.81	2.25	-9.69
309.81	2.25	-9.56
309.75	2.13	-9.25
309.75	2.13	-9.06
309.75	2.19	-9.19
309.81	2.13	-9.19
309.81	2.31	-8.44
309.88	2.19	-8.31
309.81	2.31	-7.5
309.81	2.31	-8
309.69	2.19	-7.5
309.69	2.31	-6.81
309.63	2	-2.94
309.63	1.94	-3.31
309.63	2	-2.69
309.63	2.19	-1.75
309.63	2.25	-1.88
309.63	2	-2.19
309.63	2	-1.94
309.69	2.06	-1.63
309.63	2.06	-2.38
309.63	2.19	-2.75
309.63	2.19	-3.38
309.63	2.31	-3.31
309.56	2.13	-3.63
309.63	2.13	-3.31
309.63	2.25	-3
309.63	2.19	-1.94
309.56	2.13	-3.56
309.56	1.81	-2.69
309.56	1.81	-2.88
309.56	1.81	-3.25
309.56	1.75	-3.44
309.63	1.75	-3.88
309.63	1.81	-3.06
309.63	1.81	-3.38
309.63	1.81	-3.19
309.63	1.88	-3.25
309.69	1.81	-2.44
309.69	1.88	-2.75
309.63	1.88	-2.88
309.69	1.88	-3.13
309.69	1.88	-3.19
309.69	1.88	-3
309.69	1.94	-3.19
309.69	1.94	-3
309.69	2	-2.94
309.69	1.88	-3.13
309.69	1.88	-3.13
309.69	1.88	-3
309.69	1.88	-3.13
309.69	1.88	-3.31
309.69	1.88	-3.38
309.69	1.88	-3.13
309.69	1.81	-3.19
309.69	1.81	-3.31
309.69	1.81	-3.5
309.69	1.81	-3.38
309.69	1.81	-3.38
309.69	1.81	-3.31
309.69	1.81	-3.38
309.69	1.81	-3.44
309.69	1.81	-3.56
309.69	1.81	-3.56
309.69	1.81	-3.44
309.69	1.81	-3.31
309.69	1.81	-3.25
309.69	1.81	-3.44
309.69	1.81	-3.5
309.69	1.81	-3.94
309.69	1.75	-3.13
309.69	1.75	-3.38
309.69	1.81	-3.25
309.69	1.81	-3.44
309.69	1.81	-3.38
309.69	1.81	-3.31
309.69	1.81	-3.44
309.69	1.81	-3.44
309.69	1.81	-3.44
309.69	1.81	-3.31
309.69	1.75	-3.31
309.69	1.75	-3.25
309.69	1.81	-3.25
309.69	1.81	-3.13
309.69	1.81	-3.19
309.69	1.81	-2.94
309.69	1.81	-3.19
309.69	1.81	-3.13
309.69	1.81	-3.19
309.69	1.81	-3.25
309.69	1.94	-3.44
309.88	2.06	-4.5
309.81	1.88	-4.44
309.81	1.88	-3.5
309.88	2.19	-4.31
309.88	2.06	-4.31
309.88	2.13	-3.25
309.81	1.88	-2.56
309.81	1.88	-3.38
309.81	1.94	-3.31
309.81	2.06	-3.19
309.81	2.13	-4.06
309.81	2.13	-3.63
309.81	1.94	-3.56
309.81	2	-3.25
309.81	1.94	-3.5
309.81	1.94	-3.69
309.81	1.94	-3.63
309.81	1.94	-3.56
309.81	1.94	-3.88
309.81	2	-3.94
309.88	1.94	-3.75
309.88	1.94	-0.12
309.94	1.88	0.5
309.94	1.88	-2.19
309.81	1.88	-2.19
309.31	1.88	-5.44
309.31	1.94	-5.56
309.25	1.88	-6.25
309.31	1.88	-5.56
309.31	1.94	-5.88
309.31	1.94	-6.31
309.31	1.88	-5.75
309.31	1.88	-5.69
309.31	1.88	-5.69
309.31	1.88	-5.63
309.31	1.94	-5.75
309.31	1.94	-5.63
309.31	1.94	-5.69
309.31	1.94	-5.75
309.31	1.88	-5.38
309.31	1.88	-5.44
309.31	1.94	-5.19
309.31	1.88	-6.75
309.31	1.94	-6.75
309.25	1.81	-11
307.88	1.88	-4
307.88	1.88	-8.44
307.69	1.81	-12.38
305.63	1.75	-13.31
305.69	2	-5
305.44	1.69	10.44
306.88	1.37	18.62
310.56	1.44	17.62
310.56	1.44	18.56
310.38	1.31	20.06
310.5	1.37	15.5
310.56	1.31	16.56
310.5	1.37	16.56
314.94	1.06	32.5
319.69	1.37	14.31
319.69	1.31	14.06
319.81	1.5	19.75
319.75	1.37	17.69
319.75	1.31	17.75
319.75	1.44	18.44
321	1.44	19.94
320.94	1.44	18.62
321	1.37	20.56
320.94	1.37	14.75
321	1.44	19.69
321	1.12	22.31
321	1.12	21.94
321.75	0.94	24.87
321.69	0.94	21.25
321.63	1.12	17.69
321.63	1.06	17.25
321.63	1	14.63
321.63	1.06	16.31
321.56	1.19	12.94
321.63	1.06	13.69
321.5	1.12	13.38
321.19	1.37	14.56
321.25	1.06	14.69
321.19	1.19	14.31
321.19	1.37	13.19
322.06	1.06	13.31
322.06	1.19	11.38
322.06	1.19	12.56
322.06	1.25	13.44
322.25	1.63	0
321.25	1.5	-28.5
319.69	0.75	-89.06
319.63	0.81	-90.75
319.5	0.94	-87.62
319.5	0.81	-82
313	0.75	-81.5
312.38	0.81	-79.94
312.13	0.81	-78.37
312.06	0.88	-74.75
318.44	0.75	-69.19
319.06	1	-99.94
316.94	1.5	-123.62
313.19	1.12	-98.69
313.38	1.12	-93.06
313.19	1.31	-92
315.88	1.5	-91.12
315.94	1.31	-97.5
315.88	1.37	-95.94
315.88	1.44	-94.69
316.06	1.37	-89.94
140.88	1.75	-164
139.5	1.25	162
140.75	1	144.63
140.63	0.88	139.75
140.63	0.81	141.56
140.25	1	148.44
139.94	0.81	141.81
140	0.75	141.81
140.06	0.81	145.31
139.69	1.12	163.13
318.88	0.56	97.75
327.63	1.06	88.44
338.25	0.63	85.81
334.94	0.63	116.31
329.25	0.94	83.19
306.94	21.69	0.63
289.19	8.44	-78.94
321.56	-3.69	-66.81
339.13	2.69	42.19
341.38	-1.81	112.25
346.63	0.81	119.5
357.06	2.38	133.25
172.75	7.88	176.81
344.19	3.81	-130.44
333.25	6.81	-129.94
264.69	19.75	-136.38
223.38	34.88	-142.06
207.5	44.75	-146.63
281.81	27.12	-135.69
8.81	15.19	-130.31
248.94	15.44	-139.13
264.88	16.06	-142.5
48	19.75	-135.56
292.38	13.81	-139.38
307	23.37	-144
324.88	60.06	-143.06
290.38	82.56	-100.12
296.44	73.81	-78.06
345.38	19.5	-84.87
352.06	10.88	-89.94
351.38	0.12	-92.56
344.38	3.5	-100.87
336.19	10.25	-84.75
352.13	9.06	-97.69
359.69	7.19	-92
10.06	3	-97.25
23.12	3.69	-103.94
34.5	1.88	-105.62
34.63	-2.75	-107
36.44	-4.19	-107
30.94	-1.06	-106.69
29.31	-3.75	-127.06
30.62	-5.81	-118.56
15.25	-2	-107.19
336.81	19.75	-97.44
285.88	32.81	-89
299.94	23.25	-101.69
297.5	28.12	-101.5
314.13	14.81	-98
323.81	12.44	-108.31
337.88	3.06	-98.75
333.06	11.06	-59.56
339.56	6.88	-70.81
343	4.63	-79
343.56	3.88	-69.19
339.88	6.56	-70.37
337.63	7.69	-71.56
334.63	9.5	-73.5
335.56	10.5	-74.44
336.75	10.44	-76.19
346.5	6.69	-72.81
357.44	0	-52.13
335.81	27.25	-68.19
345.56	42.31	-56.19
8.69	48.75	-31.75
61.5	27.87	-52.13
80	16.31	-15.88
92.87	29.44	-45.13
80.94	47.06	-57.38
78.5	48.25	-60.94
86.94	35.5	-51.31
75.06	9.69	-16.31
74	-4.06	-9.06
95.87	22.75	-24.19
96.5	33.13	-43.13
100.56	27.12	-38.19
101.37	20.06	-32.13
107.81	15.81	-33.69
108	20.69	-34.19
104.75	24.75	-30.19
94	18.56	-23.19
88.94	16.44	-26.94
94.19	17.69	-30.94
81.19	13.44	-17.06
92.94	3.19	-21
102.69	2.44	-27.31
104.37	2.5	-31.87
102.06	5.56	-34.75
86.5	31.06	-38.38
67.37	32.69	-30.5
50.75	32.81	-25.12
49.06	36.25	-26.94
38.75	38.13	-13.44
17.87	26.62	-5.69
15.38	23.44	-5.5
31.37	41.44	-25.25
33.75	40.88	-28.75
33.63	37.19	-30.81
39.63	34.88	-31.69
70.06	30.62	-31.37
69.44	26.56	-35
55.06	27.5	-37.56
52.19	28.06	-48
72.25	23.75	-63
90.12	31.5	-69
78.69	36.88	-77.44
52.75	45.69	-102.94
29.31	52.75	-100.75
56.5	39	-86.56
69.31	35	-80.56
68.12	33.69	-77.75
72.12	33.13	-78
72.19	31.62	-77.06
72.62	31.25	-76.56
69.62	34.5	-77.12
69.37	38.94	-79
67.81	43.56	-78.56
70.12	40.19	-78.25
80.31	31.12	-74.94
75.12	32.25	-72.44
72.94	32.13	-72.81
72	31.87	-72.56
71.12	32.31	-74
72.81	31.31	-73.75
75.12	30.69	-73.5
75.5	29.94	-72.87
77.19	29.31	-73.12
78.25	29.5	-73.06
84.25	28.81	-73.87
83.19	25.81	-72.87
83.94	23.5	-71.5
85.31	22.87	-70.37
81.62	22.12	-69.62
79.25	21.56	-69.12
79.25	21.06	-68
80	22.12	-69.19
81.69	22	-70.19
82.25	20.94	-71.06
78.62	18.25	-72.94
74.62	16.94	-73.87
71.12	17.81	-73.81
69.75	18.37	-73.81
68.56	19.69	-73.31
65.12	20	-73.19
62.69	20.62	-72.69
59.44	23.31	-70.69
67.87	24.56	-72.19
72.62	23.19	-70.87
71.87	23	-70.87
68.62	23.31	-70.69
65.31	23.44	-70.69
63.88	22.19	-71.62
63.31	20	-73.87
65.75	19.69	-73.19
66.94	19.31	-72.44
67.06	21.87	-71.12
57.56	23.56	-70.19
47.5	22.69	-68.06
54.13	21.12	-68.87
53.13	19.81	-69.56
54.44	19.87	-71.06
54.69	19.75	-71.44
61	19.19	-69.12
67.81	24.19	-60.56
58.19	23.5	-48.63
58.19	21	-52.06
51.25	28.25	-47.69
50.63	31.94	-46.94
50.81	32	-48.44
49.5	30.06	-49.81
43.69	30.25	-42.5
35.56	27.12	-36.19
27.31	29.44	-35.94
17.06	39.44	-43.94
47.56	27.87	-50.06
86.94	35.88	-77.75
97.31	21.5	-82.87
119.37	12.63	-92.06
128.06	18.56	-97.5
171.81	0.69	-88
181.19	1.25	-91.37
185.69	1.5	-97.12
190.88	1.75	-100.25
195.63	1.81	-108.62
201.38	1.69	-129.31
206.06	0.88	-127.44
210.38	1.19	-127.06
213.25	1.12	-126.87
216.25	1.31	-127.56
217.94	1.06	-127.12
219	0.88	-127.19
217.63	1.5	-125.81
217.94	1.63	-125.62
217.69	1.88	-126
215.88	1.88	-123.19
215.56	1.94	-124.69
216.19	1.94	-125
216.25	1.75	-124.62
216.13	1.81	-124.31
216.06	1.69	-124.31
216.06	1.75	-124.62
216.38	1.81	-124.81
218.94	1.88	-127.12
218.38	1.44	-125.75
218	1.63	-125.81
217.25	1.56	-125.69
216.63	1.88	-126.37
216.31	1.88	-124.5
216.25	1.81	-125.94
215.25	1.81	-126.06
218.81	1.94	-128.94
219.06	1.75	-127.69
218.31	1.81	-126.25
218.13	1.81	-124.44
214	1.88	-121.37
214.06	1.81	-121.69
212.94	1.88	-120.37
205.38	1.81	-117.19
201.94	1.75	-113.87
194.75	1.69	-111.31
194.56	1.75	-111.44
194.5	1.81	-111
193.13	1.88	-111.81
191.38	1.88	-110.87
190.13	1.88	-111.06
189	1.88	-111.06
187.13	1.94	-111.25
186.44	2	-110.87
185.75	2	-111.25
186.19	1.94	-111.75
186.38	2	-112.75
186.31	2	-114.12
186	2	-115.69
185.88	2	-115.5
185.88	2	-116.31
185.63	2	-119.69
185.31	2	-124.5
185.31	1.94	-126.56
185.56	1.69	-132.31
11.69	0.88	-172.25
11.44	1.19	-151.56
11.25	1.19	-154.06
11.13	1.12	-147.75
11.06	1.12	-146.69
11.25	1.12	-149.69
11.13	1.12	-152.13
10.88	1.12	-153.25
11	1.12	-151.75
11.31	1.12	-150.06
11.94	1.06	-152.94
12.25	1.06	-160
12.75	1.12	-151.69
13.38	1.12	-152.13
13.31	1.06	-151.63
14.63	1	-159.19
15.25	1	-160.44
16.06	1	-163.44
15.69	0.94	-158.69
15.38	0.88	-159.75
14.56	0.88	-160.44
15.25	0.94	-155.69
14.88	0.81	-162.06
15.19	0.75	-164.44
14.94	0.75	-160.44
14.75	0.75	-160.31
15.56	0.75	-163.13
14.88	0.75	-163.56
11.56	0.94	-150.5
13.75	1	-153.31
15.81	1.06	-152.44
16.56	1	-157.06
15.81	1	-158.44
14	0.88	-162.56
12.94	0.88	-160.5
12.63	0.88	-163.44
12.81	0.81	-163.75
12.88	0.88	-164.75
12.69	0.88	-164.38
13.56	0.88	-164.56
13.38	0.94	-164.69
13.56	0.94	-164.69
13.75	0.94	-164.63
13.25	0.94	-164.13
13.25	0.88	-164.63
13.56	0.88	-164.38
13.69	0.88	-164.44
14.19	0.94	-164
14.38	0.94	-164.56
14.75	1.06	-164.44
14.94	1	-164.38
15.56	1.12	-164.44
15.75	1.12	-164.5
15.94	1.12	-164.69
16	1.12	-164.31
16	1.12	-164.56
16	1.12	-164.44
16	1.12	-164.56
15.94	1.12	-164.63
16	1.12	-164.38
16	1.12	-164.38
16	1.12	-163.88
23.69	4.81	-159
13.44	15.13	-166.38
9	13.44	-164.94
7.69	14.25	-164.81
4.88	12.44	-165.75
6.31	17.69	-171.94
5.19	15.63	-171.06
4.69	1.19	-160.88
8	0.94	-168.81
7.81	1.06	-158.75
10.75	1	-156.81
14.06	1.31	-155.38
17.87	1.44	-158.38
21.25	1.44	-160.75
24.87	1.44	-163.69
27.31	1.63	-158.19
30.31	1.56	-161.88
33.69	1.56	-166
37.63	1.5	-164.75
39.31	1.56	-165.31
40	1.44	-164.19
40.88	1.56	-161.44
41.19	1.69	-166
41.88	1.63	-166.81
41.5	1.56	-161.63
41.25	1.5	-163.56
40.56	1.56	-163.38
40.06	1.63	-163.88
40.44	1.63	-163.56
41.75	1.69	-163.75
42.06	1.69	-162.75
42.44	1.69	-163.75
42.75	1.69	-160.69
42.56	1.69	-161.88
42.81	1.69	-163.94
43.75	1.69	-163.81
43.63	1.69	-163.56
43.56	1.69	-163.69
43.63	1.75	-164
43.63	1.75	-163.44
43.63	1.75	-163.81
43.63	1.75	-163.19
43.44	1.75	-161.81
42.75	1.75	-162.63
42.31	1.81	-162.63
41.88	1.81	-162.25
41.44	1.75	-163.75
41.69	1.88	-164.69
41.44	1.81	-164.75
41.06	1.81	-162.38
41.06	1.88	-163.94
41.06	1.81	-164.13
41.13	1.81	-163.63
40.94	1.81	-163.63
41	1.75	-162.75
40.94	1.69	-163.94
40.94	1.69	-163.81
40.94	1.69	-163.5
40.94	1.69	-164.19
40.94	1.69	-164.44
41	1.63	-164.13
41	1.63	-163.75
41	1.63	-164.06
41	1.63	-164
41	1.63	-164.06
41	1.63	-163.63
41	1.63	-163.75
41	1.56	-164.06
41	1.56	-163.63
41	1.56	-163.75
41	1.56	-163.75
41	1.56	-163.63
41	1.56	-164.13
40.94	1.5	-163.88
40.94	1.56	-162.5
40.94	1.56	-163.69
40.94	1.56	-162.44
40.94	1.69	-162.25
40.94	1.69	-164.06
40.94	1.63	-163.81
40.94	1.69	-163.63
40.94	1.69	-163.69
40.94	1.69	-163.75
40.94	1.69	-163.44
40.94	1.69	-163.56
40.94	1.69	-163.88
40.94	1.63	-163.75
40.94	1.69	-163.56
40.94	1.75	-163.5
40.94	1.75	-163.5
40.94	1.75	-163.63
40.94	1.81	-163.81
40.94	1.81	-163.38
40.94	1.81	-163.69
40.94	1.75	-163.44
40.94	1.75	-163.81
41	1.69	-162.81
41	1.69	-163.5
41	1.69	-163.56
41	1.81	-163.63
40.56	1.81	-161
38.81	2.06	-152
38.19	1.81	-162.94
37.81	1.81	-162
38.31	1.75	-168.25
45.56	1.75	-165.19
48.88	1.56	-161.88
51.56	1.56	-163.38
55.38	1.63	-163.31
57.5	1.63	-158.06
59.63	1.63	-162.44
60.5	1.56	-163.13
61.75	1.63	-164.38
59.06	1.69	-162.56
61.19	1.75	-165.31
61.63	1.69	-165.06
61.88	1.75	-165.63
62.25	1.75	-164.25
62.56	1.81	-165.69
63.06	1.81	-164.94
63.69	1.75	-164.25
63.63	1.69	-163.38
62.69	1.69	-163.44
56.38	1.75	-162.44
56.88	1.88	-164.88
55.5	2.13	-161.69
54.63	2.06	-164.5
55.75	2.13	-164.88
56.25	2.19	-164.81
56.69	2.25	-164.94
51.88	2.19	-163.81
55	2.19	-161.38
55.63	2.19	-161
56.38	2.25	-159
56.19	2.31	-158.75
56.31	2.31	-160.63
56.5	2.31	-160.94
56.75	2.25	-161.25
56.69	2.25	-160.69
57.25	2.25	-161.06
53.38	2.31	-160.88
53.75	2.31	-160.19
54.13	2.38	-161
54.13	2.63	-160.81
55.38	2.63	-162.81
56.56	2.69	-164.38
59.06	2.75	-165
59.44	2.69	-165.56
58.88	2.69	-164.81
59.06	2.63	-164.44
58.75	2.56	-162.94
55.75	2.75	-159.94
55.75	2.75	-160.13
55.75	2.75	-159.63
55.63	2.31	-160.13
55.69	2.31	-160.13
55.69	2.31	-160.13
55.63	2.25	-159.88
55.63	2.25	-160.56
55.69	2.38	-161.69
55.69	2.69	-161.13
55.5	2.75	-161.13
55.38	2.75	-163.13
55.38	2.75	-162.94
55.38	2.44	-162.69
55.38	2.44	-162.31
55.63	2.25	-164.56
60.38	2.38	-164.94
60.94	2.13	-164.94
60.88	2.25	-165
60.88	2.31	-164.81
60.94	2.31	-164.56
60.44	2.31	-164.31
60.13	2.31	-164.25
59.81	2.31	-163.06
58.81	2.38	-163.06
58.94	2.44	-159.88
59.69	2.44	-164.31
60.63	2.31	-162.25
60.56	2.38	-163.56
60.56	2.38	-164
60.56	2.38	-163.75
60.56	2.38	-164.25
60.63	2.38	-163.31
60.63	2.38	-164
60.63	2.44	-163.56
60.63	2.44	-163.44
60.63	2.44	-163.13
60.63	2.44	-162.25
60.63	2.44	-163.38
60.69	2.44	-162.5
61.38	2.5	-161.94
61.38	2.5	-162.69
61.38	2.44	-161.5
62.81	2.31	-165.38
69.19	6.31	-168.19
63.94	6.06	-170.63
58.81	4.44	-172.31
54.94	10.56	-170.81
11.06	4.44	177.81
353.31	-0.69	-155.63
302.38	-1.12	-164.31
251.81	-2.06	168.56
240.94	-0.25	173.63
241.25	-0.19	-136.81
230	-0.37	-149
228	-0.19	-139.13
60.31	-0.06	-119.31
56.06	0.25	-125
236.94	69.94	-161.31
232.13	78.81	-157.25
243.31	76.81	-151.94
327.75	62.19	-90.5
260.88	81.25	129.75
253.5	84.44	175.06
248.25	80.31	149.63
246	79.25	152.69
246.38	79.25	159.13
249.13	78.75	163.19
255.75	84.81	178.31
297.88	75.75	-108.81
318.81	44.38	-17.62
332.94	47.63	-37.06
323.31	43.88	-53.06
325.06	45.44	-50.06
324.88	50.38	-57
314.56	53.25	-67.94
279.56	68.06	-122.69
284.63	69.37	-131.13
262.38	79.94	5.56
257.69	58.38	38.13
258.38	55.25	29.37
235.94	-24.56	9.13
240.06	-21.5	-9.63
260.94	1.37	-8.56
268.56	-1.88	-7.13
271.13	-1.81	-6.69
264.56	29	14.56
258.19	36.19	22.44
256.75	37.13	20.81
255.88	37	18.31
253.94	35.5	19.25
249.94	34.94	21.94
249.25	32.44	22.31
250.06	32.13	21.37
241.75	26.19	17.37
244.13	30.75	47.5
269.25	36.63	103.12
287.44	35.75	117.94
288.94	35.94	126.25
279.5	34.44	127.25
269.94	33.13	120.87
270.63	34.81	117.5
272.63	35.81	115.06
267.44	34.63	118.94
259.69	34	116.19
256.56	33.69	115.62
254.63	33.75	112
239.06	28.5	101.94
245.56	30.69	102.19
77.94	83.44	-6.25
66.81	83	113.62
55.31	70.25	115.06
80	60.75	112.06
70.06	46.25	127.25
59.13	45.88	129.5
54.06	52.75	139.5
16.5	85.62	179.81
17.94	87.94	178.69
19.25	81.44	171.69
19.12	82.31	171.31
18.62	82.31	172.19
18.25	81.87	173.63
18.31	81.87	173.31
17.75	81.87	173.88
17.62	81.87	174.38
16.81	81.12	174.81
23	82.37	153.56
19.37	72.06	-172.19
1.56	79.75	176.81
10.19	75	175.19
13.5	74.75	176.63
16.12	70.69	-134.94
46.63	50.31	-123.25
56.38	52.44	-89.81
60.94	54.06	-73.37
53.5	49	-35.38
66.25	35.94	-47.38
81.75	26.56	-61.63
111.06	0.37	-32.44
113.19	0.12	-23.37
118.87	2.88	-9.5
118.56	-1.75	-29.19
117.25	-6.81	-5.88
116.62	39.5	-39.81
101.62	18.12	-34.63
102.94	11.31	-41.31
66.5	25.56	-119.12
55.38	11.94	-121.69
53.31	23.75	-121.87
121.81	13.94	-128.38
109.37	35.19	-114.94
152	28.75	-123.12
158.75	21	-120.19
147.81	24.06	-132.31
29.31	23.75	-140.81
20	29.25	-149.31
160.94	22.87	-109.37
204.75	26.06	-102.44
206.19	26.12	-113.44
145.56	33	-128.25
108.12	34.94	-138.56
116.56	34.88	-141.13
158.44	33.25	-133.81
163.38	34.56	-125.06
120.62	35.25	-122.44
104.62	40.5	-138.31
117.44	32.63	-134.75
150.63	32.94	-130.31
153.38	29.94	-133.44
174.63	25.94	-139.63
148.13	33	-143.75
86.62	15.5	166.06
80.44	5.63	150.5
60.94	3.63	154.31
39.5	7.31	-166.56
39.25	3.19	-146.75
37.63	2.06	-139.38
41.69	2.06	-137.38
41.5	2	-141.69
41.31	1.81	-155.69
41.19	1.88	-146.81
41.19	1.94	-142.94
41.25	2	-140.38
41.38	2	-138.81
41.63	2	-139
41.69	2	-136.19
41.75	2.13	-135.5
41.75	2.31	-137.38
41.75	2.38	-138.06
41.81	2.5	-137.44
215.88	2.69	-120.94
214.75	2.63	-131.31
41.69	2.63	-138.75
41.75	2.63	-136.13
41.44	2.5	-146.81
41.5	2.5	-143.81
41.56	2.56	-142.06
41.75	2.56	-141.56
42.19	2.63	-142.19
43.25	2.5	-146.88
43.81	2.5	-152.06
45.38	2.56	-145
45.56	2.5	-146.88
46.44	2.56	-144.56
47.06	2.56	-142.06
47.13	2.63	-139.44
47.13	2.63	-139.75
47.13	2.63	-140.81
47.06	2.63	-144.31
47.06	2.56	-145.38
47.19	2.56	-140.44
47.69	2.56	-140.63
48.25	2.56	-139
52.38	2.75	-135.31
248.19	4	-132.75
59.75	2.06	-169.5
59.94	2.19	-150.38
60.06	2.25	-145.06
60.13	2.31	-142.75
60.19	2.31	-141.75
60.19	2.31	-141.94
60	2.25	-150.25
59.94	2.19	-150.06
60.06	2.19	-146.88
68.94	2.38	-148.19
69	2.44	-146.75
69.06	2.38	-144.56
69.62	2.44	-143
