Gyroscope [X]	Gyroscope [Y]	Gyroscope [Z]
0.06	0.03	0.02
-0.09	-0.06	-0.03
0.09	0.02	0.01
0.01	-0.01	-0.01
0	-0.02	-0.02
0.06	0	0.02
-0.03	0	-0.03
-0.04	-0.01	0.02
-0.02	-0.02	-0.01
0.09	0	0
0.12	-0.01	0.02
-0.05	0.02	0
0	-0.02	0.01
0.02	-0.01	-0.01
0.09	0.03	0.03
0.02	-0.03	-0.02
0	0	0.01
-0.01	-0.01	0.02
-0.03	-0.01	-0.03
-0.03	0.01	0.04
0.01	-0.02	0.01
-0.04	-0.02	0.01
0.05	-0.01	-0.02
-0.04	-0.03	0.01
-0.23	-0.03	0
0.05	0	0
0	0.03	-0.03
-0.05	-0.01	0.01
-0.08	-0.04	0
-0.09	-0.01	0.01
0.07	-0.01	0
-0.01	0.01	-0.01
-0.02	-0.03	0.05
-0.03	0.01	-0.04
-0.02	-0.02	0.04
-0.01	-0.01	-0.03
-0.14	-0.06	-0.03
-0.01	0.05	0.04
-0.04	0.02	-0.04
0.07	-0.05	0.03
0	0.04	-0.02
0.09	0.06	-0.02
0.02	-0.02	0
0.06	0.01	-0.01
-0.04	-0.06	0.02
0.04	-0.03	0
0.02	0.02	0
0.09	0.03	-0.05
0.06	-0.05	0.05
0.04	0.06	-0.06
-0.14	-0.1	0.02
0.03	0	0.03
0.01	-0.01	-0.02
-0.04	0	0.02
0.08	0.01	0
-0.1	-0.03	0.01
-0.06	0	-0.03
-0.03	-0.03	0.02
0.03	0.01	-0.03
0.01	-0.02	0.02
0	0.01	-0.03
0.01	0	0.01
-0.03	-0.02	-0.02
-0.01	0.01	-0.01
0.01	0	0.02
0.02	0	0
-0.06	-0.04	-0.02
0.1	0.01	0.01
-0.04	-0.02	0
-0.03	0	-0.02
-0.05	0	0.03
-0.02	-0.03	-0.05
-0.03	-0.05	0.02
0	0.04	-0.04
-0.11	-0.05	0.04
-0.01	-0.04	0
0	-0.02	-0.01
-0.01	0.03	0
0.32	0.11	-0.05
0.02	-0.06	0.04
-0.29	-0.04	-0.01
0.07	0.02	0
0.07	0.03	0.01
0.05	0	-0.01
0.02	0	0
-0.01	0.01	0.01
-0.05	-0.03	-0.01
0.01	0.01	0.02
-0.02	-0.04	0
-0.07	-0.02	-0.02
0.03	0.02	0
-0.06	0	0.01
0.07	0.01	-0.01
-0.03	0	0.01
0	0	0.01
-0.02	-0.03	0
-0.01	0	0
-0.02	-0.02	0.01
-0.06	0.01	-0.02
0.04	-0.01	-0.01
-0.06	-0.01	-0.03
-0.04	0.01	0.02
0.02	-0.02	-0.01
-0.04	0.03	0
-0.04	0.01	0.01
-0.04	-0.02	-0.02
0.01	-0.01	0.01
-0.04	0	0.01
-0.05	-0.01	-0.01
-0.19	0.02	0.04
-0.09	0	-0.01
0.05	-0.02	0.02
0.06	0.01	-0.03
0.01	-0.04	0.01
-0.06	0.03	-0.02
-0.06	-0.05	0.01
0	0.01	-0.02
-0.03	-0.02	0.02
0.02	-0.01	-0.03
-0.02	-0.02	0.01
-0.17	0	0
-0.01	0.01	0
-0.02	-0.04	-0.01
0.02	0.04	-0.02
-0.29	-0.08	-0.01
0.05	-0.01	0.04
0.03	0.01	-0.04
0.37	0.08	0
-0.12	-0.1	-0.01
0.06	-0.01	0.04
-0.24	0.21	-0.04
-0.14	-0.16	0
-0.09	0.02	-0.03
-0.14	-0.01	-0.01
-0.1	-0.01	-0.02
0.16	0.01	0.03
-0.29	-0.02	-0.01
0.01	-0.03	0.04
-0.07	0.03	-0.05
0.25	-0.02	0.05
0	-0.03	0.01
-0.03	0.01	0
0.08	0.06	-0.01
-0.05	-0.08	0.03
0.03	0	-0.01
-0.07	0.01	-0.01
-0.03	0	-0.01
0.05	-0.03	0
-0.01	0.01	0.01
0.04	0.01	0
0.02	0.01	0
0.04	-0.02	0.01
-0.02	0.02	-0.01
0.02	0	-0.01
0.04	0	0
-0.01	-0.03	0
0.04	0	0
-0.01	-0.01	0
0.06	0.01	0
0.01	-0.02	0
0.02	-0.01	0.01
-0.08	-0.02	0
-0.05	-0.01	0.01
-0.08	0.02	0
-0.08	-0.01	0.02
0.05	0	0.02
0.05	0.02	0.01
-0.01	-0.03	-0.03
-0.01	-0.01	0.01
-0.01	0	0
-0.01	-0.02	0.01
-0.02	-0.01	0
0	-0.01	0.01
-0.01	-0.02	-0.02
0.05	0	0.02
-0.01	-0.02	-0.01
0.02	0.01	0.01
-0.02	-0.02	-0.02
0	0.02	0.02
-0.02	-0.03	0.01
-0.01	0	-0.02
0	-0.01	0.01
0	-0.01	-0.01
0	-0.03	0.02
0.03	0.02	0
-0.03	-0.04	-0.01
0.02	0.02	-0.01
-0.05	-0.03	0
-0.02	-0.01	0.01
0.03	0.02	-0.01
-0.01	-0.01	0.02
-0.06	-0.01	-0.01
0.01	0	0
-0.05	-0.01	0
0	-0.01	0.06
-0.03	-0.02	-0.02
0.08	-0.04	-0.06
-0.03	0.01	-0.06
-0.09	-0.02	-0.02
-0.08	0	-0.02
0.03	0	0.01
0.01	-0.04	-0.02
-0.01	0	-0.03
0.02	0.01	0.03
0.05	-0.02	-0.04
-0.09	0.01	0.02
0.02	0	0.03
0.04	-0.04	-0.04
-0.13	-0.07	-0.01
0.06	0.04	0.04
-0.05	-0.03	-0.01
0	0.01	-0.03
-0.02	-0.02	0.02
-0.01	0.01	-0.02
-0.03	0	0.02
0.06	0.02	-0.01
-0.03	-0.02	0
-0.03	-0.01	0.02
0.01	-0.01	-0.01
0	0	0
0.02	-0.01	0.01
0.01	0	-0.01
0	-0.02	0.01
-0.01	0	-0.01
0	-0.01	0.02
-0.03	-0.01	0
0.01	0	0
0.01	0	0.01
-0.02	-0.02	0
0.01	0	-0.01
0	-0.01	0
0	0	-0.01
-0.04	-0.03	0.01
-0.01	-0.01	0
0.01	-0.01	0
-0.01	-0.01	-0.01
0.01	0	0.01
-0.01	-0.01	0.01
0.01	0.01	0
-0.02	-0.02	0.01
0	0.01	-0.02
-0.01	-0.02	0.02
0.02	0.01	-0.01
-0.01	-0.02	0.01
-0.01	0.01	0
-0.02	-0.01	0
-0.01	-0.01	-0.01
0	-0.01	0.02
-0.01	0	-0.01
0	-0.02	0.02
-0.01	0.01	-0.01
0	-0.02	-0.01
0	0.01	0.02
-0.03	-0.01	0
0.02	0.01	0
0	-0.02	0.01
-0.03	-0.03	-0.02
-0.02	-0.06	0
0.12	0.04	0.01
-0.08	-0.06	-0.01
-0.04	0.02	0
-0.05	-0.03	0.01
-0.01	0.03	0
0.01	-0.04	0.02
0.02	0.01	-0.02
-0.01	-0.04	0.01
-0.04	0.02	-0.03
-0.04	0.01	0.03
-0.01	-0.03	-0.02
0.01	-0.01	0.01
-0.07	-0.01	0.01
0.05	0.01	0.01
-0.04	-0.03	0.02
-0.01	0	-0.01
-0.03	-0.06	0
-0.02	0.01	0.02
0.01	-0.03	0.02
0.03	-0.02	0
0.01	0.02	0
0.06	-0.02	-0.01
0.02	0.02	-0.03
-0.02	0	0.02
-0.04	0	-0.02
-0.01	-0.03	-0.02
0.08	-0.04	0.03
-0.09	-0.02	-0.05
-0.03	-0.05	-0.06
0.08	0.08	0.01
-0.07	0	0.01
-0.01	0	0.03
-0.22	-0.06	-0.06
0.79	0.01	0.09
-0.08	0	-0.05
0.11	0.03	0.01
0.24	0.06	0.05
-0.16	0.03	0.03
0.26	0	0.04
0.19	-0.03	0.05
-0.64	0.18	0.03
0.27	0.18	-0.03
-0.07	-0.08	0.04
0.03	0.04	-0.03
-0.02	-0.03	0.01
0.02	0.02	0
-0.01	-0.03	0.01
0	0.01	-0.01
-0.01	-0.03	0
0.03	0.03	0.02
-0.02	-0.03	-0.02
-0.01	-0.01	0
0	-0.02	-0.01
0	0	0
-0.03	-0.04	0
0.03	-0.01	-0.02
0.08	-0.04	0.02
-0.02	0.02	0
-0.06	-0.03	-0.02
-0.09	0.06	0.02
-0.01	-0.03	-0.01
0.06	-0.01	-0.02
-0.06	-0.01	-0.01
0.04	-0.02	-0.01
-0.02	0	0
-0.06	0	0
0.09	0.02	0.01
-0.06	-0.04	-0.02
-0.05	0.01	0.01
-0.06	-0.04	0
0.11	0.04	0.01
-0.01	-0.02	0
-0.01	-0.01	0
0	0	0.01
0.06	0.01	0.01
0	-0.02	0
0.05	-0.01	0.01
0.25	0.01	0.02
-0.04	-0.03	-0.02
0.09	0.03	-0.01
-0.01	-0.05	0
0.02	0.01	0
-0.03	-0.02	0.03
0	-0.01	-0.02
0.07	0	0.02
-0.01	-0.02	0
0.02	0.02	0.01
0.02	-0.03	0.01
0	0.02	-0.01
-0.03	-0.02	0
-0.05	-0.02	0.01
0.02	-0.01	-0.01
0.02	0.02	0.01
-0.14	-0.03	-0.01
-0.04	0.01	0.01
0.06	-0.03	-0.01
0.04	0.01	-0.01
0.08	-0.01	0.03
-0.06	0	-0.03
0.13	0.03	0.03
-0.05	-0.03	-0.03
-0.01	0	0
0.01	0.02	0
0.01	0	-0.01
0.02	0.01	0.01
-0.03	-0.04	-0.03
-0.01	0.02	0.03
-0.02	-0.03	-0.02
0	0	0.02
-0.04	-0.02	-0.03
0.01	-0.01	0.03
-0.02	0	-0.05
-0.02	-0.04	0.02
0	0.01	-0.01
0.02	-0.02	-0.01
0.02	0.01	0.01
0	-0.01	-0.01
0	0	0.01
-0.03	-0.02	-0.02
-0.02	-0.02	0
-0.01	0	0
-0.03	-0.01	-0.01
-0.01	-0.01	0
-0.11	0	0
-0.02	-0.01	0
-0.07	-0.02	-0.02
0.01	-0.01	0.01
0.01	0.01	-0.01
-0.15	-0.06	-0.02
0.14	0.04	0.02
0	-0.03	0
-0.02	0	-0.01
0	0.01	0.01
-0.09	-0.02	0
0.03	-0.01	-0.02
0.08	0	0.02
-0.01	0	-0.04
-0.03	-0.01	0.04
-0.02	-0.01	-0.02
0.02	0.01	0.01
-0.05	-0.02	0
-0.02	0	0
-0.03	-0.01	-0.02
-0.01	0	0.01
0.02	-0.01	0
0.02	0	-0.02
0	0	0.03
-0.06	-0.02	-0.02
0.03	-0.02	-0.04
0.02	0	0.03
-0.14	-0.03	-0.06
0.08	-0.01	0.04
0.07	0.04	0.01
-0.16	-0.02	-0.02
-0.01	-0.02	0.02
0	-0.01	-0.01
-0.07	-0.03	-0.01
0.04	-0.04	0.03
-0.01	0.02	-0.02
0.34	0.08	0
-0.27	-0.09	-0.01
-0.02	-0.03	0.04
0.07	0.05	-0.02
0.05	-0.03	0.04
0.02	0.05	-0.02
0	-0.06	0.02
0.01	0.02	0
-0.07	0	-0.02
0.01	0.01	0.02
0.02	-0.01	0
0.09	0.06	0
-0.02	-0.06	-0.02
0.23	0.03	0.01
-0.01	-0.07	-0.03
-0.02	-0.07	0.01
0.04	0.02	0.01
0.11	0.06	-0.04
-0.02	-0.06	0.02
0.01	0.04	-0.03
-0.04	-0.08	0.03
0.19	0.05	-0.02
-0.05	-0.06	0
0.01	-0.06	0
0.06	0.03	0.01
0.13	0.12	-0.03
-0.04	-0.13	0.02
-0.13	0.1	-0.01
-0.08	-0.07	0
0.07	0.04	-0.02
-0.05	-0.05	0.03
0.01	0.04	-0.01
-0.01	-0.04	0.02
0.01	0.02	-0.01
-0.01	-0.04	0.02
-0.02	0.01	-0.01
-0.03	-0.02	-0.01
0.03	0.01	0.01
-0.02	-0.03	-0.02
0.02	-0.02	0
-0.01	0.02	0
-0.02	-0.05	0
0.26	0.02	0.01
-0.05	-0.05	-0.02
0.05	0.03	0.02
-0.04	-0.04	0
-0.01	0.02	-0.02
-0.01	-0.03	0.03
0.03	0	-0.02
0.01	0	0.01
0	-0.01	0
0	0	0.01
0.01	0	0
-0.01	-0.03	0
0.02	0	0.01
-0.01	-0.01	-0.01
0.02	0	0.01
-0.01	-0.01	0
0.02	0.01	0.01
0	-0.02	0.01
-0.01	-0.02	-0.01
0	0.01	0.01
-0.04	-0.02	0
-0.02	-0.02	0
0.02	0.01	-0.01
-0.03	-0.04	0.02
0.01	0.03	-0.01
0.01	-0.03	0.02
0.01	0.02	-0.02
0	-0.03	0
0.05	0.02	0.01
-0.04	-0.03	0
0.03	0.02	0.01
-0.03	-0.05	-0.01
0.02	0.02	0
-0.02	-0.03	0
0.01	0.01	-0.01
-0.03	-0.03	0.01
0.01	0.01	-0.01
0	-0.01	0
0.01	0.01	0
-0.01	-0.02	0.01
0.02	0.01	0
-0.02	-0.03	0
-0.01	-0.01	0.01
0.01	0	-0.01
-0.01	-0.01	0.01
-0.02	0	0
0	-0.01	0
0.01	0.01	0
-0.01	-0.02	-0.01
0.04	0.01	0
-0.03	-0.03	-0.02
0.07	0.03	0.02
-0.02	-0.03	-0.01
0.03	0.01	0
-0.03	-0.03	0.02
0.01	0.02	-0.02
-0.01	-0.02	0.02
0	0.01	-0.01
-0.01	-0.02	0
0	0	0.01
-0.01	-0.02	-0.01
-0.01	-0.01	0
0	0	0.01
-0.02	-0.02	-0.01
0	-0.02	0
-0.01	-0.02	0
-0.03	0	-0.01
0.02	-0.01	0
0.01	0	0.01
-0.01	-0.01	0.02
-0.02	-0.03	-0.01
-0.03	0	0
-0.03	0.01	-0.01
-0.03	-0.03	-0.01
0.01	0.01	0.01
-0.02	-0.02	-0.01
0.01	0	-0.01
-0.01	0	0.01
-0.03	-0.01	-0.02
0.02	0	0.02
-0.04	0	-0.02
0.01	-0.01	0.02
0	0.02	-0.01
-0.01	-0.03	0
0.01	0	0.01
-0.04	-0.03	-0.02
0.02	-0.01	0.01
0.01	-0.01	0.01
-0.04	0	0
-0.01	0	0.01
-0.01	0	0
0	0	0
0	-0.01	0
0.01	-0.01	-0.01
-0.02	-0.02	0
0	0	0
0	-0.02	0.01
0.01	0.01	-0.01
-0.01	-0.03	0.01
-0.01	0	-0.02
0	-0.02	0.02
0.02	0.01	0
-0.01	-0.03	0
0.01	0.01	0
0	0	0.01
-0.01	-0.01	0
-0.01	-0.01	0
-0.01	-0.01	0.01
-0.01	-0.03	-0.01
0.05	0.02	0
-0.05	-0.04	-0.02
0	0.01	-0.01
-0.09	-0.02	0.03
-0.03	0	-0.02
0.03	0	0.01
-0.02	-0.02	-0.03
0.09	0	0.01
-0.02	-0.03	-0.02
0.02	0.03	0.03
-0.06	-0.05	-0.03
-0.02	0	0.01
-0.01	-0.01	0.01
0.01	0	-0.01
-0.06	-0.02	0
-0.01	0	-0.01
0	0.01	-0.01
-0.01	-0.02	0
0	0.01	-0.01
-0.01	-0.02	0.01
0.01	-0.02	-0.02
0.01	-0.01	0.01
-0.02	-0.02	0
-0.02	-0.02	0
0.03	0.01	0.03
-0.02	-0.01	-0.01
-0.01	-0.01	0.01
-0.01	0.01	0.01
-0.03	-0.01	-0.01
-0.01	-0.02	0.01
0.03	0	0
-0.06	-0.02	-0.01
-0.03	-0.02	0
0	0	0.01
0.03	-0.01	0
0.01	-0.02	0.01
-0.03	0	0.01
-0.04	-0.01	-0.01
-0.01	0.01	0.01
-0.03	-0.04	0.01
0.07	0.01	0.01
-0.02	-0.01	0.02
0.01	0	-0.01
-0.03	-0.04	0.01
0.09	0.02	0.01
-0.04	-0.03	-0.04
0.03	0.02	0.02
-0.02	-0.04	-0.01
0.04	0.02	-0.01
-0.02	-0.02	-0.01
0.07	-0.03	0
0	0.01	-0.01
-0.03	-0.02	0
0.04	0.03	0.02
-0.13	-0.05	-0.04
0.09	0.06	0.04
0.02	-0.05	-0.04
0.01	-0.01	0.01
-0.01	-0.02	-0.01
0.14	0.01	0.03
-0.05	-0.01	0
-0.01	-0.01	-0.01
-0.03	0	0.02
0.02	-0.01	-0.02
0	0	0.01
-0.09	-0.01	-0.02
-0.03	-0.03	-0.01
0.01	0	0.01
-0.06	-0.02	-0.01
0	0.01	0.01
0	-0.02	-0.01
-0.01	-0.01	0
-0.01	-0.01	0
-0.02	-0.02	-0.02
-0.02	0	0.01
-0.02	0	-0.01
0.01	-0.01	0.01
-0.01	-0.01	0
0.01	0	0.02
-0.01	-0.01	-0.01
0.02	-0.01	0
-0.02	0	-0.01
0.01	-0.01	0.01
0	0	-0.01
0	-0.01	0.02
0.01	0.01	-0.01
-0.02	-0.03	0.01
-0.01	0.01	-0.01
0	-0.02	-0.01
0.01	0.01	0
0.01	-0.01	0
0.01	0	-0.01
0	0	0
0.02	-0.01	0
-0.01	-0.01	-0.01
0.02	0	0.01
0.01	-0.01	0
-0.01	-0.01	0
0	0	0
0	-0.01	0.01
-0.02	0	0
0	-0.01	-0.01
0.01	-0.01	0
0.01	-0.01	-0.02
0.02	0	0.01
0.02	0	0
-0.01	-0.02	0.02
-0.03	-0.02	-0.01
-0.01	-0.01	-0.01
0	-0.01	0.01
0	0	-0.01
0.01	-0.01	0.01
-0.01	-0.01	-0.01
0	0	0
0	0	0.02
-0.01	0	-0.03
0	-0.01	0.02
0.01	0.01	-0.01
-0.05	-0.03	-0.01
0.09	-0.01	0.01
0	0	-0.01
0.04	0	0.02
0.02	-0.03	-0.02
0	0	-0.01
0	-0.02	0.01
0.01	0	-0.02
-0.02	-0.03	0.01
-0.01	0.01	-0.01
0.02	-0.01	0.02
0.01	0.02	0
-0.02	-0.01	0.01
0	0.01	-0.01
0.01	-0.02	0
0.02	0.01	0
-0.03	-0.02	0
0.01	0.01	0
-0.02	-0.01	0.01
-0.01	0.01	-0.01
-0.02	-0.03	0.01
0	0.01	-0.01
-0.03	-0.02	0.01
0.01	0	0
-0.01	-0.01	0
0	0	0
-0.01	-0.01	-0.01
0	0	0
0	-0.01	0.01
-0.01	-0.01	-0.01
-0.02	-0.01	0.01
0	0	-0.01
-0.02	-0.02	0.01
0	0	-0.01
-0.03	-0.01	0
-0.02	-0.01	0.01
0	-0.01	0
0	-0.01	0
0	-0.01	0.01
0	-0.01	-0.01
-0.01	-0.01	0
0	-0.01	0
-0.01	-0.01	0
-0.03	0	0
-0.01	-0.01	0
0	0	0.01
-0.01	-0.01	0
0	0	-0.01
0	0	0.01
0.01	-0.01	0
0	0	-0.01
0	0	0.01
-0.01	0.01	0
0	-0.01	0.01
0	0	0
-0.01	0	0
0	0	0.01
0	0.01	-0.02
0	0	0.01
0	0.01	-0.01
0.01	0	0
0	0.01	-0.01
0.01	-0.02	-0.02
0	-0.01	-0.01
-0.03	0	-0.01
0.01	0	0
-0.01	0	0
-0.01	0.01	-0.01
0.02	0	0.01
0.01	0.01	-0.03
-0.02	-0.01	0
-0.01	0.01	-0.01
-0.01	0	0
0.01	0	0.01
0.02	-0.01	-0.02
0	0	0
0.04	0.01	0
-0.01	0	-0.02
-0.01	0	0
-0.01	0.01	-0.01
0	0	0
0	0.01	-0.01
0	-0.01	-0.01
0.02	0.01	0
-0.02	0	-0.03
0.02	0	0
0.01	0.01	-0.01
0	-0.01	-0.01
0	0	0
-0.02	-0.01	-0.01
0.01	0.01	0
-0.04	-0.01	0
0.03	0.01	0
-0.01	-0.01	-0.01
0	0.01	-0.01
0.01	0	0
0.01	0	-0.01
0	0	0
0	0.01	-0.01
0	-0.01	-0.01
0.01	0.01	0
-0.01	0	-0.02
0	-0.01	0.01
-0.02	0	-0.03
0.02	0	0.01
0.01	0	-0.01
0	-0.01	-0.01
0	0.01	-0.01
0	0	-0.02
0	0	0
0	0	-0.01
0.01	0	-0.01
0	0.01	-0.01
0	-0.01	-0.01
0.02	0.02	0
-0.01	-0.01	-0.01
0.01	0.02	-0.01
-0.01	0	0
0.01	0	-0.01
0	0	-0.01
0	0	0
-0.01	0	0
0	-0.01	0
0.01	0.01	0
-0.02	-0.02	0
0	0.01	0
-0.01	-0.01	0
0	-0.01	-0.01
0.03	-0.01	0.01
0.02	0	0.01
0	-0.01	0
0.01	0.01	0
-0.02	0	0.01
-0.02	-0.01	-0.02
0	0.01	0.02
-0.01	-0.01	0
-0.02	0	0
0	-0.01	0.01
0	0	-0.01
0	-0.02	0.01
-0.02	0.02	0.01
-0.03	-0.03	0
0.01	0.01	0
0	-0.01	0.01
0	0.01	-0.01
-0.01	-0.01	0.02
-0.01	0.02	0
-0.01	-0.01	0.01
0.01	0	0.01
-0.02	-0.01	-0.01
0.02	0.01	0.01
0	0.02	0.02
-0.04	-0.02	-0.01
0.01	0.01	0.02
0.03	-0.02	-0.02
0	0	0
0.02	-0.01	-0.01
-0.09	-0.03	0
0.13	0.01	0
-0.05	-0.02	0.02
0.02	0.03	0
-0.02	-0.03	0
-0.03	0.01	-0.01
-0.06	-0.03	0
0.02	0.04	0.01
-0.03	-0.03	0.01
0.06	0.01	0
0	0	0
0.07	0.03	0
0.02	-0.07	0.01
-0.03	-0.01	-0.03
0.09	0.01	0.05
-0.02	0	-0.03
0.01	-0.01	0.03
0.02	0.02	-0.01
-0.03	0	0.02
0.05	0	0.01
-0.01	-0.01	0
0.07	0.01	0.02
0.01	-0.01	0
0	0.01	0.01
0.04	-0.01	0.01
-0.01	-0.01	0
-0.01	-0.01	0.01
0	0.01	0
0.02	-0.01	0
-0.01	0.01	0.02
0.02	0.01	0
0	-0.01	0.01
0.03	0.01	0
-0.01	-0.02	-0.01
0.05	0.01	-0.01
-0.02	-0.01	0.01
0	0	0
0	0	-0.01
0.04	-0.01	0.01
-0.01	0.01	0
0	0.02	0.02
0	0	0
-0.01	-0.02	0
0	0.02	0
-0.01	-0.01	0.01
-0.01	0	0
-0.08	-0.04	-0.02
0.09	0.05	0.02
-0.06	-0.05	0
-0.01	0.01	-0.01
0.02	-0.01	0.02
0.03	0.02	-0.03
0.03	-0.03	0.03
-0.04	-0.01	-0.02
0.02	-0.01	0.03
0.01	0.01	-0.01
-0.01	0	0.01
-0.02	0.01	-0.01
-0.07	-0.04	-0.02
0.14	0.03	0.02
-0.04	-0.02	0
0.07	0.03	0.01
-0.05	-0.04	0.01
-0.04	0.07	0.01
-0.1	-0.05	0.03
-0.04	0.01	-0.06
0.04	-0.01	0.05
-0.02	-0.01	-0.03
0.04	-0.02	0.02
0	0.02	-0.02
-0.04	-0.01	0.03
0.03	0.02	-0.01
0.1	-0.04	-0.05
-2.19	0.42	0.68
-4.08	0.38	-0.16
-7.44	0.05	-0.06
-10.5	-0.01	-0.08
-13.18	-0.04	-0.48
-15.28	-0.55	-0.79
-15.21	-0.46	-0.71
-14.12	-0.53	-0.75
-13.19	-0.45	-0.67
-12.31	-0.47	-0.48
-11.22	-0.45	-0.51
-10.53	-0.34	-0.4
-9.6	-0.24	-0.46
-9.09	-0.16	-0.41
-8.55	-0.32	-0.37
-8.1	-0.15	-0.25
-7.35	-0.11	-0.35
-6.88	-0.21	-0.27
-6.41	-0.05	-0.33
-6.22	-0.24	-0.17
-5.81	-0.01	-0.2
-5.5	-0.16	-0.14
-5.07	0.02	-0.21
-4.84	-0.13	-0.07
-4.54	-0.06	-0.26
-4.34	0.06	-0.07
-4.11	-0.19	-0.07
-3.85	-0.01	-0.28
-3.8	0.11	-0.01
-3.69	-0.16	-0.01
-3.5	-0.09	-0.29
-3.49	0.14	-0.12
-3.54	-0.08	0.06
-3.44	-0.19	-0.21
-3.13	1.97	-0.41
8.85	1.01	4.73
-17.83	-7.31	-3.24
3.4	-0.9	5.25
-2.49	-13.28	7.27
0.76	-3.55	-2.01
3.01	1.6	1.08
-2.63	-3.59	-0.46
7.57	-8.46	-0.03
3.22	-5.58	1.03
-3.96	-0.83	-1.88
-7.88	-1.9	-1.6
1.15	1.37	-0.65
-0.03	0.85	-1.69
12.57	0.77	7.79
-3.55	5.1	2.82
-1.87	-2.97	0.3
0.41	2.53	-2.89
-3.02	-7.1	-5.21
5.73	2.95	2.55
-2.95	-3.13	-2.44
3.96	-5.17	-11.26
-5.74	2.14	0.52
-4.6	0.49	2.63
6.48	-1.34	-0.08
5.41	1.28	2.01
8.55	-1.03	-4.05
-6.34	1.71	-0.54
0.66	-1.14	0.18
3.94	8.15	-9.46
6.85	4.94	-0.15
3.02	2.08	2.64
2.07	0.39	0.76
10.03	-1.43	-2.34
1.47	4.75	-0.04
-5.93	3.89	3.27
6.63	-2.72	-0.51
13.97	-1.58	3.09
2.03	-1.86	0.13
2.13	-2.85	-1
1.63	-1.45	2.18
12.39	2.61	-0.09
5.17	-4.89	-0.51
-1.64	3.98	1.41
-2.36	-1.01	0.24
-7.61	-2.73	3.23
-0.67	2.63	-0.93
5.62	-3.45	0.54
2.99	-0.1	2.27
-12.05	1.52	-2.28
5.83	-1.21	-3.96
-5.1	0.15	-0.52
1.73	0.73	3.27
14.68	-1.51	-9.57
11.24	2.55	-1.14
-24.76	-3.6	-7.63
4.64	-1	-7.35
-4.25	2.4	-0.84
5	0.38	-2.66
-1.22	2.65	6.59
-10.86	-0.12	0.28
7.24	-3.46	-1.51
6.69	0.6	2.44
5.51	-3.77	-2.42
6.05	8.27	-2.26
0.93	1.86	6.25
-2.73	1.39	-4.35
2.26	-4.29	0.34
-4.39	-4.7	2.34
-8.08	1.48	-2.44
-3.73	-4.41	1.91
3.46	1.36	-3.8
-2.24	-1.17	1.31
2.38	3.24	-0.58
0.03	-2.89	-0.18
-8.71	-0.33	-0.05
-6.6	-2.51	-0.81
1.37	0.15	-2.25
-0.41	-1.88	-0.09
1.07	0.63	0.21
0.38	-9.25	-4.71
-4.97	5.65	-0.63
15.12	-2.35	1.34
9.29	0.96	2.23
-3.94	-2.01	-2.43
-5.67	-5.24	3.15
-10.12	1.19	1.29
-4.94	-1.71	-1.27
-3.5	-2.64	3.3
-1.34	0.14	0.55
-3.48	-0.02	-0.45
3.67	-1.05	2.91
-24.12	-2.23	-3.1
-12.96	3.33	2.75
-5.06	-3.32	3.66
0.59	-1.35	-3.12
0.24	0.29	0.82
-5.34	-1.32	-4.16
-10.47	0.45	-0.45
3.84	-13.58	-4.69
3.37	2.05	-2.14
-3.34	3.37	2.03
5.01	-1.06	-0.82
0.05	-1.24	-0.52
0.88	3.15	-6.51
1.39	-1.16	0.96
2.09	-3.27	-1.88
6.49	-1.37	7.8
6.45	-4.97	2.99
6.01	2.33	-0.64
-2.39	-2.54	-2.04
-1.87	-0.2	-0.89
-0.61	-0.43	-0.86
-0.68	2.31	2.07
5.43	-2.04	-2.72
-9.47	1.79	5.47
5.13	-1.64	-2.29
2.68	2.32	1.21
9.59	1.35	0.97
5.27	-1.47	0.52
-0.54	-0.95	0.48
-6.37	0.92	0.33
-0.44	-0.34	-0.99
-2.19	1.22	0.04
0.71	0.03	-0.04
2.84	-1.13	0.25
1.79	-0.5	0.17
-2.35	-0.46	-0.04
-2.04	-0.69	-0.79
-3.01	0.34	-0.6
-0.68	-1.28	-1.02
-1.59	0.09	-0.62
1.49	-0.51	0.17
3.32	-0.66	0.49
2.82	-0.09	0.57
3.4	-0.66	0.7
5.2	0.08	1.22
-2.67	-1.34	-0.39
-12.9	3.83	3.31
5.52	-3.1	4.07
-7.9	-0.16	-0.26
-8.93	1.07	1.01
0.52	1.62	0.15
0.55	-0.02	-0.1
-0.77	2.17	0.52
20.46	-0.07	1.37
-2.67	0.42	4.44
5.83	2.01	0.9
10.29	-0.09	0.75
8.24	0.34	-0.34
-10.58	-0.55	0.58
-7.32	0.47	-2.02
4.14	1.58	1.98
-7.34	2.59	3.69
-1.73	-0.4	0.27
-3.49	-0.58	-1.06
5.56	-5.36	-2.83
5.64	6.78	-2.57
31.34	2.74	7.65
4.66	-4.38	-5.4
12.65	-0.63	-0.44
0.43	-1.08	-1.3
-4.62	1.52	-2.42
-2.11	2.21	1.52
8.63	2.36	2.93
-7.68	-1.43	0.98
15.25	-1.5	-0.11
-5.25	2.44	0.75
-1.58	-0.79	0.9
4.76	-0.02	-1.23
-0.16	0.01	-0.06
1.22	-0.03	0
0	0	0
0	0	0
0	0	0
0	0	0
0	0	0
0	0	0
0	0	0
0	0	0
0	0	0
0	0	0
0	0	0
0	0	0
0	0	0
0	0	0
0	0	0
0	0	0
0	0	0
0	0	0
0	0	0
0	0	0
0	0	0
0	0	0
0	0	0
0	0	0
0	0	0
0	0	0
0	0	0
0	0	0
0	0	0
0	0	0
0	0	0
0	0	0
0	0	0
0	0	0
0	0	0
0	0	0
0	0	0
0	0	0
0	0	0
0	0	0
0	0	0
0	0	0
0	0	0
0	0	0
0	0	0
0	0	0
0	0	0
0	0	0
0	0	0
0	0	0
0	0	0
3.46	1.68	2.98
35.43	3.06	5.49
-19.1	7.94	-3.78
3.51	0.98	3.03
-2.72	0.65	2.36
0.57	-0.89	2.66
5.75	0.34	-0.56
-6.27	-0.79	-0.82
-0.09	-0.29	-0.65
0.77	-0.75	0.08
3.89	0.44	-0.86
-7.28	1.2	-0.47
-6.1	5.65	4.45
-24.52	-2.76	1.44
6.81	4.73	7.27
2.67	-0.89	-1.91
-2.02	-0.73	0.83
-6.74	-0.73	-0.92
-8.01	-0.38	1.36
-5.92	2.43	-4.28
2.55	1.48	-0.42
6.43	1.7	1.85
12.79	3.2	-0.5
-21.25	2.32	1.62
8.54	1.58	7.04
-3.96	-2.27	1.37
7.48	1.09	-1.2
6.78	0.84	-2
-3.04	2.71	-1.22
9.31	1.28	1.68
4.45	-0.35	-0.72
-5.68	-0.7	0.53
13.68	-1.22	0.53
-8.54	0.18	-0.26
8.19	-2.57	0.36
-9.35	0.66	0.37
-3.47	-1.75	-0.9
-6.06	1.6	0.45
-2.41	1.31	0.46
-6.29	1.81	0.11
-4.53	5.74	-2.16
-2.89	1.45	-3.6
-2.87	0.77	0.2
6.21	0.84	-2.66
3.51	-7.91	7.83
-8.92	-3.15	-1.74
3.05	-0.07	-4.52
8.86	-0.34	1.87
-31.8	-7.74	0.6
0.45	1.72	0.76
3.11	-0.04	0.59
0.52	-1.56	-2.32
5.02	-1.13	1.8
-4.23	2.68	0.18
11.42	-1.08	-2.88
6.42	-0.91	-1.41
1	-0.05	0.27
-4.51	0.12	0.31
17.07	-3.54	-2.44
15.82	-2.78	-1.41
-24.76	-1.2	1.55
-1.01	0.11	0.03
0.47	-0.28	-0.18
0	-0.02	0.01
0.02	-0.06	0.02
12.31	-3.48	-3.85
-1.66	0.4	0.25
2.12	0.04	-0.13
1.1	-0.96	-1.1
1.48	-0.19	1.08
7.72	-0.43	-0.32
-4.55	-1.07	-0.76
1.6	0.48	-0.15
1.11	0.04	-0.39
-18.78	-1.14	-0.99
-0.1	-0.08	0.14
-0.03	0.01	0.01
-0.04	-0.01	0
0.01	0.01	0
-0.05	0.05	-0.07
-0.01	-0.01	-0.01
0	0	0
0.01	0	0
0	0	0
0	0.03	-0.03
0	0	0
0	0	0
-0.02	0.03	-0.02
0	0.01	0
-0.01	0.01	0
0.01	0.01	0
0	0	0
-0.02	0.07	-0.06
-13.88	-1.95	1.78
3.69	-1.16	0.37
3.53	-3.89	0.72
-0.22	0.01	-0.03
-0.56	-0.07	-0.05
0	0	0
-0.71	-0.95	-0.19
14.21	0.15	-0.66
5.68	2.85	2.91
-1.36	-5.24	0.28
-14.98	-0.44	-1.55
-2.23	-0.95	-0.71
-13.88	-0.05	-0.25
9.01	1.03	-1.59
3.03	1.95	-0.9
-0.33	0.17	0.17
2.14	-0.17	-0.15
4.22	-0.32	-1.19
-1.31	0.15	-0.22
-0.07	0.11	0.04
0.25	-0.06	0.01
0	0	0
0	0	0
0	0	0
0	0	0
0	0	0
0	0	0
0	0	0
0	0	0
0	0	0
0	0	0
0.01	0	-0.01
0	0	0
-0.01	-0.01	0.01
0	0	0
0	0	0
0	0	0
0	0	0
0	0	0
0	0	0
0	0	0
0.02	0.01	0
1.58	-0.36	0.11
-19.94	1.41	-2.98
28.36	0.87	-1.31
-33.82	0.83	-0.46
-2.55	-2.49	-7.89
-34.28	0.85	-4.86
4.88	0.17	-2.28
-7.35	-3.58	-1.18
5.48	-2.11	-1.71
5.09	-4.75	0.37
3.87	3.74	3.13
-5.53	1.14	-1.88
3.33	-2.62	-0.58
-5.87	10.44	43.44
0.28	3.04	-2.75
23.25	3.38	0.53
3.99	-1.42	1.22
-1.19	0.48	-2.29
-11.9	-6.93	-9.18
10.47	5.46	5.48
1.09	-3.94	-0.38
14.21	-1.57	-0.02
-6.52	-0.77	0.03
-0.8	-0.03	-0.44
-3.36	-0.55	0.32
1.18	1.79	-0.39
-0.85	-1.15	2.11
3.13	0.27	0.7
-3.18	0.67	1.07
-2.9	0.7	-2.78
-5.63	-2.14	0.3
-1.28	-0.33	-1.53
3.72	0.21	-0.21
2.25	3.57	0.4
10.35	-1.87	-2.5
6.27	0.08	0.32
0.91	0.33	-0.01
1.54	-0.12	-1.46
12.14	-1.61	0.61
-1.54	-1.79	-3.15
-13.84	2.01	-2.12
5.16	-1.55	1.73
8.92	0.54	-0.83
21.37	-1.38	-0.03
-17.06	2.12	-1.14
5.08	-0.21	-1.51
9.07	1.98	-1.06
-6.25	-0.21	-0.62
1.72	-0.22	-0.06
-3.68	-0.87	0.04
-2.35	-1.25	0.43
-13.63	-0.33	-0.62
8.51	-1.65	-0.08
2.11	-0.54	1.42
8.58	-0.61	-0.17
3.42	-0.22	2.13
5.39	0.26	2.1
-11.45	2.56	-1.29
-12.27	2.79	-3.19
3.88	-0.65	1.89
1.43	0.42	0.19
-3.29	-2.06	7.01
22.91	0.83	-3.43
3.15	-0.02	-0.1
-1.91	0.02	0.02
-0.09	0	0
-0.02	0	0
0	0	0
0.01	0	0
-0.01	0	0
0.01	0	0
0	0	0
0	0	0
0	0	0
0	0	0
0	0	0
-0.33	0.28	-1.61
-11.33	2.65	-1.43
-10.61	1.64	1.72
-5.7	4.03	3.42
-2.44	0.07	0
-0.21	0.01	0
-0.02	0	0
0	0.01	0
0.01	0	0
-0.01	0	0
0	0	0
-0.01	0	0
0	0	0
-0.01	0	0
0.01	0	0
0	0	0
0	0	0
-0.01	0	0
0	0	0
0	0	0
-0.01	0	0
0	0	0
0.01	0	0
0	0	0
-0.05	0	0
0.09	0	0
-0.24	0.01	0
0	0	0
0.1	0	0
0	0	0
0	0	0
0	0	0
0.04	0	0
0	0	0
-0.01	0	0
0	0	0
0	0	0
-0.01	0	0
0	0	0
0.01	0	0
0	0	0
-0.01	0	0
0	0	0
0	0	0
0.01	0	0
-0.01	0	0
0	0	0
0	0	0
0.03	0	0
-0.01	0	0
-0.08	0	0
-0.19	0.01	0
-0.04	0	0
0	-0.01	0
0.01	0	0
0	0	0
0	0	0
0.01	0	0
0.01	0	0
-0.01	0	0
0	0	0
-0.01	0	0
0	0	0
0	0	0
0	0	0
0	0	0
-0.02	0	0
-0.01	0	0
0	0	0
0	0	0
0	0	0
0	0	0
0	0	0
0	0	0
0	0	0
0	0	0
0	0	0
0.01	0	0
0	0	0
0	0	0
0.03	0	0
-0.01	0	0
0	0	0
0	0	0
-0.01	0	0
0	0	0
0.01	0	0
0.01	0	0
0	0	0
0.01	-0.01	0
0.01	0	0
0	0	0
0	0	0
0	0	0
0	0	0
0.01	0	0
0	0	0
0	0	0
0	0	0
0	0	0
-0.01	0	0
0	0	0
-0.01	0	0
0	0	0
0	0	0
0	0	0
0	0	0
0	0	0
0	0	0
0	0	0
0	0	0
0	0	0
0	0	0
0	0	0
0	0	0
0	0	0
0	0	0
0	0	0
0	0	0
0	0	0
0	0	0
0	0	0
0.01	0	0
0	0	0
0	0	0
0	0	0
0.01	0	0
0	0	0
0	0	0
0.01	0	0
0	0	0
0	0	0
0	0	0
-0.01	0	0
0	0	0
0	0	0
0	0	0
0	0	0
0	0	0
-0.01	0	0
0	0	0
0	0	0
0	0	0
0	0	0
0	0	0
0	0	0
0	0	0
0	0	0
-0.01	0	0
0	0	0
0	0	0
0	0	0
0	0	0
0	0	0
0	0	0
0	0	0
0	0	0
0	0	0
0	0	0
0	0	0
0	0	0
-0.01	0	0
0	0	0
0	0	0
0	0	0
0	0	0
0	0	0
0	0	0
0	0	0
0	0.01	0
0	0	0
0	0	0
0	-0.01	0
0	0	0
0	0	0
0	0	0
0	0	0
0	0	0
0	0	0
0	0	0
0	0	0
0	0	0
0	0	0
0	0	0
0	0	0
0	0	0
0	0	0
0.01	0	0
0	0	0
0	0	0
0	0	0
0	0	0
0	0	0
0	0	0
0	-0.01	0
0	0	0
0	0	0
0	0	0
0	0	0
-0.01	0	0
0	0	0
0.01	0	0
0	0	0
0	0	0
0	0	0
0	0	0
0	0	0
0	0	0
0	0	0
0.01	0	0
0	0	0
0	0	0
0	0	0
0	0	0
0	0	0
0.01	0	0
-0.01	0	0
0	0	0
0	0	0
0	0	0
0	0	0
0	0	0
0	0	0
0.01	0	0
0.01	0	0
-0.02	0	0
0.01	0	0
0.01	0	0
0	0	0
0.01	0	0
0	0	0
0	0	0
0	0	0
0	0	0
0	0	0
0	0	0
0	0	0
0	0	0
0	0	0
0	0	0
0	0	0
0	0	0
0	0	0
-0.01	0	0
-0.01	0.01	0
0	0	0
0.01	0	0
-0.01	0	0
0	0	0
0	0	0
0	0	0
0	0	0
0	0	0
0.01	0	0
0	0	0
0	0	0
0	0	0
0	0	0
0	0	0
0	0	0
0	0	0
0	0	0
0	0	0
0	0	0
0	0	0
0	0	0
0	0	0
0	0	0
0	0	0
0	0	0
0	0	0
0	0	0
0	0	0
0	0	0
0	0	0
0	0	0
0	0	0
0	0	0
0	-0.01	0
0	0	0
0	0	0
0	0	0
0	0	0
0	0	0
0	0	0
0	0	0
0	0	0
0	0	0
0	0	0
0	0	0
0	0	0
0	0	0
0	0	0
0	0	0
0	0	0
0	0	0
0	0	0
0	0	0
0	0	0
0	0	0
0	0	0
0	0	0
0	0	0
0	0	0
0	0	0
0	0	0
0	0	0
0	0	0
0	0	0
0	0	0
0	0	0
0	0	0
0	0	0
0	0	0
0	0	0
-0.01	0	0
-0.01	0	0
0	0	0
0	0	0
0	0	0
0	0	0
0	0	0
0	0	0
0	0	0
0	0	0
0	0	0
0	0	0
0	0	0
0	0	0
0	0	0
0	0	0
0	0	0
0	0	0
0	0	0
0	0	0
0	0	0
0	0	0
0	0	0
0	0	0
0	0	0
0	0	0
0	0	0
0	-0.01	0
0	0	0
0	0	0
0	0	0
0	0	0
0	0	0
0	0	0
0	0	0
0	0	0
0.01	-0.01	0
0	0	0
0	0	0
0	0	0
0	0	0
0.01	0	0
0	0	0
0	0	0
0	0	0
0	0	0
0	0	0
0	0	0
0	0	0
-0.01	0	0
0	0	0
0	0	0
0	0	0
0	0	0
0	0	0
0	0	0
0	0	0
0	0	0
0	0	0
0	0	0
0	0	0
0	0	0
0	0	0
0	0	0
0	0	0
0	0	0
0	0	0
0	0	0
0	0	0
0	0	0
0	0	0
0	0	0
0	0	0
0	0	0
0	0	0
0	0	0
0	0	0
0	0	0
0	0	0
0	0	0
0	0	0
0	0	0
0	0	0
0	0	0
0	0	0
0	0	0
0	0	0
0	0	0
0	0	0
0	0	0
0	0	0
0	0	0
0	0	0
0	0	0
0	0	0
0	0	0
0	0	0
0	0	0
0	0	0
0	0	0
0	0	0
0	0	0
0	0	0
0	0	0
0	0	0
0	0	0
0	0	0
0	0	0
0	0	0
0	0	0
0	0	0
0	0	0
0	0	0
0	0	0
0	0	0
0	0	0
0	0	0
0	0	0
0	0	0
0	0	0
0	0	0
0	0	0
0	0	0
0	0	0
0	0	0
0	0	0
0	0	0
0	0	0
0	0	0
-0.04	0.76	-0.31
-1.83	0.31	0.26
0.57	-0.18	-0.33
0.4	-0.83	-0.25
0.21	-0.01	0
0.11	0	0
0.25	0.6	0.57
-1.4	-0.19	-0.15
-0.31	0.45	1.1
0.98	0.08	0.57
-0.08	-0.06	0.05
0.28	0	-0.19
0.11	-0.01	-0.02
0.08	-0.01	-0.08
-0.11	0.12	-0.19
0.64	0.24	0.04
-1.99	-0.03	-0.18
-1.68	0.55	0.07
0.23	-0.03	-0.03
0.47	-0.07	-0.06
0.32	-0.04	-0.07
-0.34	0.01	0.05
0.39	0.05	0.06
-0.03	-0.03	0.11
0.11	-0.01	-0.02
-0.06	0.01	-0.01
-0.92	0.19	-0.05
0.8	-0.07	-0.13
2.87	-0.54	-0.05
1.6	-0.7	-1.35
0.42	-0.77	0.14
-0.75	-1.03	-0.12
0.08	0.03	0.05
-0.14	0.06	0.06
-0.07	0.06	0.04
0.11	-0.17	0.05
-0.04	0.01	0.02
0.09	-0.01	-0.04
0.67	0.09	-0.92
-0.17	-0.41	-0.17
-0.11	-0.12	-0.09
-1.12	-0.2	-0.48
-0.51	0.24	0.19
-0.09	0.23	0.17
0.08	0.03	-0.07
0.21	0.04	0.04
-0.55	0.42	0.7
-0.31	0.45	0.88
0.93	-0.31	0.06
-0.31	0.05	-0.1
-0.12	-0.02	-0.06
-0.05	-0.01	0.01
0.08	0.12	-0.03
-0.08	-0.05	-0.03
-0.06	0.27	-0.22
0	0.18	-0.02
-0.03	0.78	-0.01
0.22	-0.76	0.03
0.13	-0.23	-0.12
-0.04	0.06	0.05
0.11	0.01	0.02
0.44	-0.51	-0.23
1.02	-0.29	-1.45
0.04	-0.22	-0.11
-0.15	0.09	-0.17
0.18	-0.09	0.11
0.29	-0.02	-0.04
0	0.03	0.01
0.02	0.06	0.05
0.05	0.03	-0.01
0.03	-0.03	0.03
0.22	0.01	-0.03
0.04	0.01	-0.01
-0.07	0.09	-0.03
-0.22	0.06	-0.02
0.27	0.01	-0.09
-0.12	-0.22	-0.17
-0.1	0.05	0.15
-0.14	-0.08	0.21
0.21	-0.12	0.03
0.03	0.16	-0.01
0.31	0.14	0.33
-0.4	-0.26	1.97
0.26	0.03	0.1
0.45	0.15	-0.72
-0.23	0.24	-0.1
0.22	-0.35	-0.07
0.13	0.26	-0.35
-0.29	0.14	0.07
0.14	-0.02	0.08
-0.07	0.06	-0.01
0.02	-0.03	0
0.06	-0.02	-0.08
0.16	0.03	-0.03
0	0.02	0
0.2	0.19	-0.34
0.25	1.08	-0.72
0.2	0.55	-0.91
-0.21	0.02	-0.1
0.07	-0.02	0.03
-0.01	0	0.01
-0.04	0	0
0.03	0	0.08
-1.77	-0.98	0.68
-0.75	-0.59	-0.18
0.91	-0.04	0.09
7.64	1.13	0.12
0.18	0.27	0.19
-0.22	0.3	0.43
-0.05	-0.33	-0.13
-0.25	-0.39	-0.37
-0.36	-0.34	0.2
0.04	-0.03	0.14
0.13	-0.06	0.05
0.01	-0.04	-0.01
0.09	0.03	0.03
0.04	-0.04	-0.03
-0.04	0.03	-0.03
0.05	-0.04	-0.02
-0.21	0.13	0
-0.4	0.07	0.11
-0.82	-0.1	0.42
0.91	-0.15	1.04
0.66	-0.02	0.29
-0.34	0.78	1.69
0.22	0.28	0.11
0.93	0.14	-0.35
-1.04	-0.44	0.73
-0.01	-0.11	-0.02
-0.13	0.1	0.21
0.04	-0.13	-0.3
-0.37	-0.78	-0.15
-1.66	-0.63	-1.28
0.06	-0.07	-0.37
-1.15	0.29	-0.91
-0.15	-0.25	-0.2
0.02	0.29	0.63
0.32	0.27	0.36
-0.58	-0.67	-0.01
0.64	0.09	0.44
0.79	-1.42	1.05
3.64	0.51	0.38
0.57	0.1	0.64
-0.76	0.22	0.06
-0.38	-0.13	-0.24
-0.19	-0.05	-0.05
-0.33	-0.04	-0.08
-0.4	-0.02	-0.06
-0.44	0.09	0.07
1.34	-0.09	0.16
-0.42	0.02	-0.06
-0.34	-0.01	0.01
0.11	-0.13	0.01
0.63	0	-0.08
0.55	0.17	0.02
1.48	-0.01	0.12
2.46	-0.33	0.15
-0.67	-0.08	-0.09
-0.83	0.18	-0.05
0.17	-1.74	-0.79
-0.39	0.89	-0.72
0.05	-0.35	-0.87
-0.09	-0.15	-0.01
-1	0.09	0.03
0.13	-0.2	0.32
0.75	-0.65	0.54
-0.67	0.03	0.01
0.23	0.17	-0.2
0.01	0.02	0.05
0.4	0.07	0.26
-0.1	0.12	-0.06
-0.05	0	0.01
0.04	-0.01	0
0.12	0.01	-0.18
-0.22	-0.1	0.24
0.28	-0.04	-0.17
0.3	-0.07	-0.29
0.05	0.02	-0.18
-0.06	-0.04	0.04
-0.07	0.05	0.11
0.07	0.06	-0.09
0.12	0.14	0.01
0.03	0.09	-0.27
-0.03	-0.06	0.03
-0.69	-0.05	-0.11
-0.73	-0.37	-0.18
-0.02	0.27	-0.09
0.04	0.01	0.01
0.69	-0.07	-0.11
0.05	-0.32	0.44
0.21	-0.15	0.09
0.19	0.01	-0.13
-0.03	-0.22	0.31
-0.77	-0.4	0.56
-0.07	-0.3	-0.73
0.92	0.05	-0.26
0.05	0.08	-0.37
0.42	-0.75	-0.76
-4.55	0.34	1.05
-0.69	-0.21	0.04
-0.5	-0.41	-0.18
-0.31	0.01	0.93
0.12	-0.08	0.02
-0.04	0.01	0
0.01	-0.04	0
0.12	-0.34	-0.06
0.12	-0.06	0.02
0.54	-0.06	-0.34
0.05	0.2	0.28
0.13	-0.21	0.38
0.05	-0.05	-0.06
0.24	0.19	-0.6
0.4	0.58	0.02
-0.09	-0.41	-0.52
0.12	0.17	0.01
-0.05	0.05	0.02
-0.15	-0.01	-0.01
-1.08	-0.13	0.33
-0.15	-0.41	0.25
-0.06	0.03	0.06
-0.62	-0.33	0.59
0.55	-0.1	0.02
0.38	0.07	0.11
0.06	-0.02	-0.02
-0.05	0.07	-0.02
-0.05	0.06	-0.03
-0.07	-0.02	-0.02
-1.51	0.08	0.14
-0.2	0.31	0.29
-0.03	-0.02	0
0.06	-0.05	-0.06
-0.03	-0.09	-0.09
0.17	-0.85	-0.25
0.07	-0.41	-0.18
0.01	-0.36	-0.25
1.55	1.01	-0.56
1.03	0.83	0.01
-0.68	0.02	-0.31
-0.97	-0.75	-0.62
0.08	-1.36	0.65
-0.07	-0.39	0.62
-0.51	0.25	-0.84
0.12	-0.13	0.24
0.14	-0.46	-0.01
-0.43	0.35	0.14
0.31	-0.88	-0.43
0.12	-0.37	0
0.31	-0.95	-0.49
-0.12	0.26	-0.08
-0.49	0.48	-0.1
0.1	-0.38	-0.44
0.11	-0.25	0.12
0.33	0.77	0.29
0.03	-0.37	-0.12
0	0.1	-0.02
0.27	-0.15	-0.04
-0.12	0.86	-0.04
0.6	0.06	0.12
-0.11	0.38	0.15
-0.03	-0.38	0.06
-0.3	-0.03	0.05
-0.17	-0.09	0.01
-0.23	-0.57	-0.04
0.26	0.83	0.2
0.25	-0.27	0.02
-0.12	0.48	0.12
0.46	-0.28	0.03
-0.07	0.48	-0.36
1.12	-0.69	0.32
-0.15	0.2	0.26
0.19	-0.75	-0.05
0.53	0.52	0.4
0.07	-0.44	-0.21
-0.43	0.22	-0.19
0.83	-0.52	0.39
-0.28	0.36	0.37
0.58	-0.69	0.24
0.04	0.18	0.65
-0.71	0.02	-0.4
-0.11	0.26	0.49
-0.03	-0.39	0.25
0.06	0.5	0.11
0.57	-1.01	0.43
-0.03	-0.11	0.38
0.17	-0.72	-0.51
-1.4	-0.26	0.47
-1.17	0.5	-0.38
0.31	0.51	-0.41
0.43	-0.13	0.25
-0.25	-0.59	-0.12
0.03	0.28	0.1
-0.01	-0.19	-0.17
-0.03	0.43	0.21
0.15	-0.08	0.1
0.04	0.07	-0.09
0.51	0	-0.1
-0.51	0.32	0.09
0.64	0.02	0.31
-0.77	0.18	0.09
0.23	-0.23	-0.21
0.03	0.34	-0.13
0.59	-0.77	0.15
0.61	0.74	-0.11
0.99	-0.39	0.27
0.39	0.61	-0.05
0.72	-0.59	-0.05
0.2	0.42	0.01
1.07	-0.23	-0.78
0.39	0.25	-0.01
0.91	-0.81	-0.04
0.43	0.53	-0.15
0.81	-0.57	-0.44
0.49	0.22	0.07
0.55	-0.42	0.22
-0.35	0.69	0.43
0.09	-0.36	-0.11
-0.42	0	0.18
-0.08	-0.05	0.04
0.42	-0.38	-0.08
-0.47	0.15	0.03
0.51	-0.55	0.05
-0.73	-0.02	0.21
-0.01	-0.12	0.03
0.21	0.43	-0.15
0.47	-0.43	-0.55
-0.65	0.09	0.21
0.18	-0.27	0.09
-0.66	0.3	-0.02
0.12	-0.2	-0.14
-0.61	0.12	0.26
0.43	-0.41	0.09
-0.38	0.09	0.17
0.9	-0.39	0.05
-0.56	0.63	0.29
0.93	-0.56	-0.3
-0.09	0.46	-0.04
0.53	-0.34	-0.36
-0.38	0.67	-0.63
0.82	-0.65	-0.43
-0.37	0.69	0.01
0.23	-0.67	-0.06
-0.91	0.49	-0.04
0.13	-0.11	0.07
-1.29	0.19	0.39
-0.07	-0.08	0.15
-0.59	-0.21	0.28
0.04	0.28	0.24
-0.61	0.11	-0.04
-0.17	0.18	-0.01
-1.42	-0.11	-0.18
0.24	-0.26	0.32
-0.13	0.49	0.16
0.62	-0.65	0.15
0.17	0.44	-0.02
0.77	-0.78	0
-0.26	0.37	0.05
-0.1	-0.44	-0.38
-0.74	0.41	-0.14
0.57	-0.27	-0.21
-1.41	0.54	0.06
0.43	0.03	-0.15
-0.46	0.4	-0.32
1.41	-0.36	-0.07
-0.66	0.44	-0.04
0.75	-0.16	0.28
-0.75	0.42	0.07
0.67	-0.4	0.04
-0.26	0.51	-0.09
0.64	-0.42	0.28
-0.58	0.2	-0.17
0.1	-0.3	-0.11
-0.32	0.4	0.23
0.7	-0.39	0.11
-0.94	0.51	0.14
-0.25	-0.17	0.13
-0.48	0.15	0.03
-0.35	-0.24	-0.07
-0.27	-0.09	0.17
0.29	-0.37	-0.33
-0.56	0.28	0.01
1.19	-0.17	-0.12
-0.68	0.24	0.2
0.72	-0.45	-0.28
-0.45	0.15	0.55
0.41	-0.1	-0.13
-0.25	0.11	-0.32
0.46	-0.29	-0.2
-0.89	1	0.25
0.64	-1.03	-0.18
0.01	0.42	0.04
0.56	-0.14	0
-0.7	0.54	0.08
-0.43	-0.29	-0.13
-0.06	0.71	0.06
1.06	-0.77	-0.36
0.9	0.97	0.22
1	-0.64	-0.66
-0.22	0.5	0.11
0	-0.5	0.38
-0.52	0.48	-0.03
0.53	-0.71	0.36
0.32	0.73	-0.73
1.02	-0.87	-0.26
-1.7	0.62	-0.66
1.31	-0.85	0.15
-0.73	0.53	-0.64
0.46	-0.31	0.34
-0.95	0.15	-0.68
1.25	-0.2	0.05
-1.75	0.74	-0.63
0.23	0.33	0.28
-0.73	0.21	-0.65
0.27	-0.18	0.38
-0.35	0.27	-0.44
1.17	-0.03	0.41
-1.02	0.02	-0.31
0.59	-0.03	0.79
-0.23	-0.29	-0.28
0.77	-0.07	0.33
-0.42	-0.09	-0.28
0.61	0.09	0.6
-0.55	0.15	-0.51
0.3	0.25	0.52
-0.1	-0.08	-0.42
0.96	0	-0.1
0.43	-0.24	-0.46
-0.23	-0.23	-0.52
0.53	-1.56	1.42
0.22	0.26	-0.94
2.03	0.17	-0.13
1.14	0.25	-0.69
0.18	0.04	0.04
0.39	-0.22	-0.38
1.2	-0.03	-0.31
-0.77	0.16	-0.41
1.16	-0.06	0.03
-0.95	0.12	-0.28
1.22	-0.09	0.2
-1.47	0.75	0.37
0.21	-0.45	0.12
-1.06	-0.03	-0.19
0.31	-0.15	-0.37
0.51	-0.54	-0.27
0.26	-0.03	-0.02
-0.08	0.44	0.1
1.49	-0.26	-0.49
-0.6	-0.04	0.14
0.36	-0.11	0.09
1.02	-0.11	0.5
-0.2	-0.6	-0.58
-0.15	0.16	0.55
0.39	-0.21	-0.64
0.15	0.26	0.77
0.94	-0.87	-0.81
-0.75	0.25	-0.3
0.78	-0.12	-0.02
-0.26	0.69	-0.06
0.63	0.34	0.13
-0.82	0.71	0.07
-0.14	-0.67	0.17
-0.57	0.53	0.14
0.45	0.13	0.38
-0.78	0.78	0.46
-0.33	-0.02	-0.13
-0.06	-0.26	0.28
1.1	-0.57	-0.71
0.25	0.09	0.31
-0.16	-0.42	-0.68
-0.09	0.1	0.71
0.69	-0.57	-1.03
0.01	0.03	0.56
0.48	-0.29	-0.3
0.24	-0.06	0.68
-0.04	0.5	-0.63
0.07	0.19	0.51
0.75	0.05	-0.81
-0.23	-0.02	0.42
0.7	-0.35	-0.78
-1	0.39	0.67
1.19	-0.21	-0.63
-0.3	0.31	0.34
0.19	-0.15	-0.4
-0.05	-0.28	0.78
0.53	-0.33	-0.59
-0.51	-0.2	0.72
-0.1	0.07	-0.49
-0.38	0.43	0.88
0.5	0.04	-0.53
-0.19	-0.41	0.15
-0.26	-0.41	-0.31
-0.39	-0.64	0.48
-0.04	0.04	-0.88
0.21	-0.07	0.14
0.63	-0.07	-0.56
0.21	0.07	0.56
0.37	0.1	-0.17
-1.08	-0.22	1.16
0.29	-0.26	-0.76
-0.75	-0.14	1.09
-0.28	-0.29	-0.06
-0.94	0.52	0.9
-0.28	-0.41	-0.21
-0.98	0.08	-0.08
1.45	-0.17	-0.33
0.71	0.52	-0.31
-0.23	-0.81	-0.2
-0.34	0.13	0.06
0.94	-0.14	-0.4
0.5	0.08	0.85
0.04	-0.15	-0.18
-0.69	-0.01	0.73
0.11	0.12	-0.19
0	0.01	0.22
-0.16	-0.07	-0.27
-0.4	-0.05	0.28
0.14	-0.07	-0.05
0.29	0.02	0.69
0.3	-0.34	-0.23
0.2	-0.55	0.15
-0.15	-0.01	-0.96
0.7	-0.1	0.68
-0.31	-0.19	-0.56
-0.77	0.29	0.62
-0.28	0.02	-0.2
-0.13	-0.02	0.53
0.19	0.16	-0.76
0.22	0.22	0.57
-0.03	-0.28	-0.43
-0.39	-0.01	0.77
0.05	0.12	-1.01
0.19	0.2	0.48
-0.22	-0.49	-0.91
0.22	0.25	0.81
0.32	-0.4	-0.36
-0.26	0.26	0.14
0.17	0.2	0.78
-0.76	0.26	0.15
-0.21	0.27	-0.23
-0.5	-0.24	-0.5
-0.05	-0.01	0.04
-0.13	0.04	-0.43
-0.3	0.41	0.87
0.37	-0.3	-0.59
-0.27	0.06	0.64
0.12	-0.15	-0.33
0.45	-0.05	0.52
0.3	-0.82	-0.69
0.02	-0.63	0.49
-0.32	-0.19	-0.09
-0.03	0.22	0.57
0.34	-0.31	-0.53
0.13	-0.38	0.94
-0.21	-0.83	-0.65
0.87	0.06	0.4
0.13	-0.4	0.15
-1.05	0.77	0.43
0.96	0.01	-0.38
-0.61	0.24	0.36
-0.22	-0.06	-0.52
-1.19	0.48	-0.47
0.08	0.32	-0.3
-0.76	0.07	-0.17
0.51	0.49	-0.36
-1.46	0.76	0.22
0.32	0.16	0.33
-0.69	0.55	0.26
0.12	-0.11	-0.16
-0.15	-0.26	-0.68
-0.55	0.28	0.53
1.16	-0.36	-0.52
0.54	0.02	0.39
0.61	0.06	-0.37
0.59	-0.58	0.39
0.29	0.12	-0.31
0.08	0.16	-0.02
0.07	-0.17	-0.6
0.41	0.49	0
-0.5	0.78	0.04
0.27	-0.25	-0.66
-0.16	-0.27	-0.27
-0.01	0.11	0.04
-0.15	0.29	-0.15
-0.27	0.03	-0.25
-0.11	0.15	-0.42
0.12	-0.1	-0.02
0.36	-0.33	-0.16
-0.06	0.07	0.51
0.84	-0.04	-0.59
0.06	-0.08	0.15
0.31	-0.21	-0.31
-0.72	0.41	0.7
0.83	-0.39	-0.88
-0.69	-0.11	0.18
0.28	-0.17	-0.04
0.52	0.51	0.26
0.26	0.12	0.02
-0.25	0.47	-0.18
0.09	0.03	0.38
-0.15	0.69	-0.15
0.09	-0.17	-0.34
0.05	-0.07	-0.22
0.53	-0.17	0.64
0.07	-0.16	-0.42
-0.53	0.09	0.62
0.21	0.05	-0.56
0.45	-0.2	0.06
0.4	-0.03	-0.24
0.29	-0.22	0.18
0.4	-0.25	-0.15
0.15	-0.46	0.46
0.64	0.05	-0.67
-0.01	-0.22	-0.01
-0.58	0.07	-0.11
0.41	0.18	0.6
-0.43	-0.01	-0.31
0.5	0.06	0.61
0.57	0.06	-0.34
0	0.04	0.59
-0.31	-0.16	-0.19
-0.81	0.26	0.95
-0.76	0.51	-0.57
1.07	-0.21	0.12
0.2	-1.02	-0.47
-0.92	0.61	0.3
-0.01	0.53	-0.2
-0.98	0.23	-0.25
-0.89	0.3	0.37
0.7	-0.16	-0.77
0.17	-0.25	0.33
0.09	0.08	-0.23
-0.17	-0.3	1.09
0	0.52	-0.53
0.15	-0.19	0.72
0.51	-0.51	-0.3
-0.42	-0.16	0.79
0.05	0.29	-0.32
0.03	0.12	0.31
-0.67	0.05	-0.43
-0.8	0.15	1.04
-0.76	0.28	-0.16
-0.79	0.34	1
0.56	-0.28	-0.55
-0.45	-0.49	0.21
0.98	-0.47	-0.38
-0.57	0.03	0.35
0.06	-0.23	0
-0.95	0.49	-0.07
0.37	-0.14	0.14
-0.73	0.48	0.39
0.38	0.34	0.39
-0.41	0.22	0.41
-0.12	-0.54	-0.24
0.28	-0.13	0.37
0.33	-0.41	0.19
0.38	-0.3	0.31
-0.26	-0.44	-0.81
-0.71	-0.11	0.43
-0.97	-0.09	0.03
-0.49	-0.18	0.69
0.23	0.07	-0.24
0.21	0.04	0.37
0.77	-0.18	-0.65
0.39	0.21	0.21
0.04	-0.06	-0.74
0.44	0.27	-0.12
-0.17	-0.15	-0.54
0.28	-0.14	0.27
0.55	-0.16	-0.76
0.26	0.02	0.17
0.34	-0.21	-0.72
0.13	-0.11	0.31
0.14	-0.12	-0.49
0.08	0.03	0.4
0.25	-0.1	-0.66
-0.37	0.26	-0.18
-0.37	-0.31	-0.71
-0.3	0.03	-0.05
0.11	-0.04	-0.65
0.1	-0.17	0.33
0.47	-0.54	-0.62
-0.32	-0.04	0.33
0.21	-0.21	-0.65
-0.56	0.15	-0.06
-0.52	0.11	0.13
-0.14	0.5	-1.42
-0.14	-0.29	-0.5
0.03	-0.03	0.11
0.1	-0.02	0.09
0.25	-0.27	1.4
-0.41	0.15	0.58
-0.96	-0.32	0.58
0.01	0.09	0.21
0.81	-0.15	-0.26
-1.19	0.43	0.51
1.21	0.89	-1.7
1.59	0.82	0.3
0	0.27	0.65
1.09	0.19	-0.4
0.4	0.8	-0.38
0.31	0	0.2
-1.27	0.18	0.26
-0.35	0	-0.12
-0.26	0.21	0.34
0.01	0	0
-0.03	-0.01	0
0.02	0	0
-0.01	0	0
0.01	0	0
0	0	0
0.01	0	0
-0.06	0.01	0
-0.05	-0.01	-0.01
-0.06	0	0
0.01	0.01	0
-0.02	0.01	0
-0.03	-0.01	0
-0.04	-0.01	0
-0.02	0	0
0.02	-0.01	0
-0.04	0	0
-0.01	-0.01	0
0.01	-0.01	-0.01
0.05	-0.01	0
0	0	0
0.03	-0.01	0
0.02	0.02	0.01
-0.01	0.01	0
0.01	0	0
0.02	0	0
-0.01	0	0
-0.02	0	0
0.05	0	0
0.07	-0.01	0
-0.02	-0.01	-0.01
-0.08	0	-0.01
-0.01	0.01	0.01
-0.02	0.01	0
-0.02	0	0
-0.01	-0.01	-0.01
0.03	-0.01	-0.01
-0.02	0	0
-0.02	0	0
0.02	0	0
-0.07	0	-0.01
-0.01	0.01	0
0.05	0	0
-0.05	0.02	0
-0.04	0.01	0
0.07	-0.01	0
0.05	-0.01	0
0.06	0.02	0.01
0.06	-0.01	0
-0.07	0.02	0
-0.04	0	0.01
0.13	0	0
0.01	0	0
0	0	0
0.01	0	0
0.04	0	0
0.01	-0.01	-0.01
-0.06	0.01	0.01
0.01	-0.03	-0.02
-0.01	0	0
0.02	-0.01	0
0	0	0
-0.06	-0.01	-0.01
-0.02	-0.01	0
0.04	0.01	0
0.01	-0.01	0
0.02	0	0
-0.01	-0.01	0
-0.04	-0.01	0
0.01	0	0
-0.03	0.01	0
-0.01	0	0
-0.01	0.01	0
0	0	0
0.01	0	0
-0.03	0	0
-0.02	0	0
-0.02	0.01	0
0.02	0	0
0.05	0	0
-0.02	0	0
-0.03	0.01	0
0.02	0.01	0
-0.03	0	0
0.01	-0.01	-0.01
-0.01	0.01	0
0.04	-0.01	0
-0.03	-0.01	-0.01
-0.01	0	0
0.02	0	0
-0.02	0	0
-0.02	-0.01	-0.01
0.01	0	0
0.01	0.01	0
0.02	-0.01	0
0.02	0	0
0.01	0	0
-0.01	0	0
-0.03	0.01	0
0.01	0	0
0	0	0
0.02	0	0
0.03	0	0
-0.05	0.01	0
-0.01	0	0
-0.03	0	0
0.02	0.01	0
-0.02	-0.01	0
-0.04	-0.01	0
0.01	0	0
0.01	0.03	0.01
-0.02	0	0
0.01	-0.01	0
-0.01	0.01	0
0	-0.01	0
0.13	-0.01	0.01
0	0	0
-0.01	0.01	0
-0.01	0	0
-0.02	0	0
-0.04	0	0
0.03	-0.02	-0.01
-0.03	0.01	0
-0.01	0	-0.01
-0.03	0.01	0
0.01	0	0
0.01	-0.01	0
0.03	0.01	0
0	0.01	0
0	0	0
0.02	0	0
-0.01	0	0
-0.06	0.01	0
-0.01	0	0
0.01	0	0
0	0	0
0.04	0	0
0.02	0.01	0
-0.01	0	0
-0.01	0	0
-0.02	-0.01	0
-0.01	0.03	0.02
0.18	0.02	0
0	0.02	0.01
0.02	0	0
-0.06	0.02	0.01
0.03	0.01	0.01
-0.01	0	0
0	0	0
-0.01	0	0
-0.08	0	-0.01
-0.01	0	0
0.03	0	0
-0.02	0	0
-0.02	0.01	0
0.07	-0.01	0
0.04	0	0
0.01	-0.01	0
-0.01	0.01	0.01
-0.01	0	0
0.01	0	0
0	0	0
0	0	0
0.04	0	0
0.01	0	0
0	0	0
-0.01	0	0
-0.24	-0.38	0.73
-2	-0.32	0.21
-0.24	0.14	0.39
-0.04	-0.04	0.3
0.01	0.01	0
-0.02	0.02	0.04
0.01	0	-0.03
-0.48	0.17	-0.3
-0.18	0.64	0.09
-0.18	0.03	0.04
0.01	0	0
0.05	0	0
0.01	0	0
0.01	0	0
-0.02	0	0
-0.02	0	-0.01
0.05	0	0.01
-0.04	0	0
-0.01	0	0
-0.01	0	0
0	-0.01	-0.01
-0.02	0	0
-0.1	0	0.01
-0.01	-0.01	-0.01
0.04	0	0
-0.09	0	0
-0.01	0	0
0	0	0
-0.05	0	-0.01
0.02	-0.01	-0.01
-0.03	0	0
-0.02	0	0
-0.03	0	0
-0.03	0	0
-0.01	0	0
-0.01	0	0
0.01	0	0
0.01	0	0
-0.03	0	0
0	0.01	0.01
0.17	0.01	0.01
-0.05	0	-0.01
0	0	-0.01
-0.01	0	0
-0.1	0	0
0.03	0	0.01
-0.13	0	0.01
0.06	-0.01	-0.01
0.03	0	0
0	0	0
0.02	0	0
0.04	0	0
-0.02	0	0
0.04	-0.01	-0.01
0.05	0	0
0.04	0	0
-0.07	0	0.01
0.03	-0.01	-0.01
-0.08	0	0
0.06	0	-0.01
0.01	-0.01	-0.01
-0.1	-0.01	-0.01
0.02	0	0
0.04	0	0
-0.01	0	0
0.03	0	0
0.01	0	0
0.01	0	-0.01
0	0	0
0.01	0	0
-0.13	0.01	0.01
0.02	0	0
0.19	-0.06	-0.06
0.04	0	0.01
0.03	0	0
0.01	-0.01	-0.01
-0.08	0.01	0
0.02	-0.01	-0.02
-0.02	0	0
-0.02	0	0.01
-0.05	0	0
0.04	0	0
-0.03	0	0
-0.03	0	0
0.05	-0.01	-0.01
-0.01	0	0
0.03	0	0
-0.04	0	0
-0.01	0	0
0.02	0	0
-0.01	0	0
-0.02	0	0
0.03	0	0
-0.02	0	0
-0.01	0	0.01
0.02	0	0
0.02	0	0
-0.06	0	0.01
0.03	0	0
-0.08	0	0.01
0.04	0	0
0.02	0	0
0.07	0	0.01
-0.08	0	-0.01
0.03	0.01	0.01
-0.03	0	-0.01
-0.03	0.01	0
-0.01	0	0
-0.01	0	0
0.05	0	0
-0.04	0	0
0.02	0	0
-0.01	0	0
0	0	-0.01
-0.01	0	0
0	0	0
-0.02	0	0
-0.01	0	0
0.01	0	0
0.01	0	0
-0.09	0	0
0	0	0
0.01	0	0
-0.04	0	0
-0.02	0.01	0.01
0	0	0
0.02	0	0
0.05	0	0
-0.03	0	0
0.03	0	0
0	0	0
0	0	0
0.01	-0.01	-0.01
-0.01	0.01	0.01
0.02	-0.01	-0.01
0.03	0	0
0.02	0	0
0.02	0	-0.01
-0.01	0	0
0.01	0	0
0	0	0
-0.01	0	0
-0.03	0	0
0.02	0	0
-0.01	0	0
-0.04	0	0
-0.01	0	0.01
-0.03	0	0.01
-0.01	0	0.01
0.01	0	-0.01
-0.04	0	0
0.01	0	0
0.01	0	0
0.01	0	0
0	0	0
0.01	0	0
0	0	0
-0.02	0	0
0	0	0
0	-0.01	0
-0.01	0	0
0.01	0	0
0	0	0
0	0	0
-0.02	0.01	0
-0.01	0	0
-0.01	0	0
0.02	0	0
0	0	0.01
0.04	0	0
0.01	-0.01	-0.01
0	0	0
-0.01	0	0
0	0	0.01
-0.02	0	0
0.04	0	0
-0.01	0	0
0.01	0	0
0.03	0	0
-0.01	0	0
0	0	0
0.01	0	0
0.01	-0.01	-0.01
0.02	0	0
0.01	0	0
-0.01	0	0.01
0	0	0
-0.01	0	0
-0.05	0	0
0.01	0	0
0.04	0	0.01
-0.02	0.01	0.01
-0.01	0	0
-0.01	0.01	0
0.04	0	0
-0.01	0	0
0.05	0	-0.01
0	0	0
-0.01	0	0
-0.03	0	0
-0.01	-0.01	-0.01
0.01	-0.01	-0.01
0	-0.01	0
-0.01	0	0
-0.02	0	0
0.01	-0.01	-0.01
-0.03	0.01	0.01
-0.03	0.01	0
0.05	-0.01	-0.01
-0.01	0	0
0.01	0.01	0.01
-0.05	0	0
-0.04	0	0
-0.03	0	0
0.02	0	0
0	0	0.01
-0.02	0	0
0.02	0	0.01
-0.01	0	0
0.03	0	0
-0.02	-0.03	0.02
-0.01	0	0
-0.04	-0.01	-0.01
-0.02	-0.01	-0.01
-0.04	-0.01	0.01
-0.08	0	0
0.09	0	-0.01
-0.01	0.01	0.01
0	0	0
-0.03	0	0
-0.03	0	0
-0.01	0	0
0.01	-0.01	0
0	0	0
-0.01	0	0.01
-0.01	0	-0.01
0.02	0	0
0.01	0	-0.02
-0.01	0	0
-0.01	0	0
0.02	0	0
-0.02	0	0
0	0	0
0.15	-0.01	-0.01
0.22	0	0.02
1.06	0	0.03
0.27	0	0
-0.33	0.01	0.01
-0.12	0	-0.01
-0.21	0	-0.01
0.02	0	-0.01
-0.14	0	-0.02
0.69	-0.02	0
-0.04	0	0
0.85	-0.02	0
-0.63	0.01	-0.02
0.06	0	0.01
0	0	0
-0.01	0	0
0.03	0	0
0.01	0	0
2.48	-0.15	0.19
-0.03	-0.01	0
0	-0.01	0
-0.07	0.02	-0.01
0.07	0.01	0
-0.42	0	0
-0.14	0	0
-0.16	0	0
0.26	-0.02	-0.01
-0.06	0.03	0
-0.07	-0.02	0
0.01	-0.03	0
0.03	0.01	0
0.04	0.01	0
-0.06	-0.01	0
0.07	0	0
-0.21	-0.01	0
0.08	0	0
-0.06	-0.01	0
0.19	0.01	0
0.15	0	0
-0.03	0	0
-0.07	0.01	0
0.04	0	0
0.02	-0.01	0
-0.02	0	0
0.06	0.01	0
-0.45	0.02	0.01
-0.19	0	0
-0.25	0	0
-0.13	0.02	0.01
0	-0.01	0
-0.18	0.01	0
0.09	-0.02	0
-0.06	0	0
-0.52	0.02	0
-0.01	0.01	0
0.29	-0.01	-0.03
-0.2	-0.02	0
-0.09	0.01	0
-4.24	-0.53	-0.26
0.13	0	0.01
-1.26	0.09	0.14
0.5	-0.01	0.02
0.24	-0.01	0
-0.54	0.01	-0.03
1.35	-0.01	-0.02
-0.7	0.23	0.02
-0.8	0.04	0.01
0.01	0	-0.02
-0.2	0.01	0
-0.12	-1.28	-0.05
-0.17	0	-0.01
5.32	0.13	-0.4
-0.94	0.04	0.02
1.42	-0.14	0.11
-0.04	0.02	0
0.48	-0.03	-0.31
-0.59	0.01	0.04
0.15	-0.01	0
0.27	0	0
-0.05	-0.02	-0.3
-0.47	0.03	0
-0.89	0.03	0.03
0.86	-0.03	0
-0.2	-0.03	0.1
-0.16	0.01	0
-0.19	-0.02	0.04
-0.23	0.01	-0.01
0.02	0.02	0.01
0.21	-0.02	-0.01
-0.04	0.01	0
-0.08	0.01	-0.02
-0.01	-0.02	-0.01
-0.01	0	0
-0.03	0	0
-0.02	0.01	0.01
-0.03	0.01	0
-0.02	-0.01	0
0.02	-0.02	-0.01
0	0.01	0.01
-0.02	-0.01	0
0.03	0	0
0.04	0	0
0	0	0
0.01	0	0
-0.02	-0.01	0
-0.07	0	0
-0.04	0	0
0.04	0	0
-0.02	0.01	0
-0.01	0.02	0.01
0.05	0.01	0.01
-0.06	0.01	0
-0.01	0	0
0	-0.01	-0.01
-0.08	0.01	0
-0.04	-0.01	0
0	0.01	0
2.64	-0.22	-0.02
2.8	0.33	0.31
2.03	0.25	0.06
0.05	-0.01	-0.17
-0.23	0	0
-0.06	0	0
0.03	0.01	0
0.1	0.01	-0.01
0.05	0	0
0.09	-0.02	-0.03
0.12	0.01	-0.02
-0.09	-0.02	0
-0.05	0.01	0
0.02	0.01	0
-0.03	0	0
-0.04	-0.01	0
0.02	0	0
0.05	-0.01	0
-0.02	-0.01	0
0.01	0	0
0.02	0	0
-0.02	0.01	0
-0.01	0.01	0
0.05	0.01	0
-0.03	-0.03	0
-0.05	0	0
-0.02	0	0
0.02	-0.01	0
-0.02	0	0
-0.02	-0.01	0
0	0	0
-0.04	0	0
0	-0.01	0
0.08	0	0
0.08	-0.01	0
-0.09	0.01	0
-0.07	0	0
0.09	-0.01	0
-0.27	0.01	0
-0.49	0.01	0.01
0.04	-0.01	0
0.3	0.01	0
0.29	0.01	0
6.21	0.03	0.12
0.11	0	0
-0.03	0.01	-0.01
0.12	-0.01	0
-0.05	0	0.01
-0.28	0.01	0.02
0.01	0	0
0.29	-0.01	-0.02
0.9	-0.11	-0.07
2.03	-0.39	0.27
-2.9	0.11	-0.16
-0.12	0.02	0
0.19	0	0.02
0.03	0.01	0.01
0.01	0	0.01
-0.01	0.01	0.01
0.04	0	0
0.05	-0.01	-0.04
0.01	0.01	0.03
0	0	0
-0.03	0	0.01
-0.08	0	-0.02
0.01	0	0.01
0.02	0	-0.01
0.03	0	-0.01
-0.1	0.01	0.01
0	0	-0.01
-0.06	0	-0.02
-0.07	0	-0.01
-0.01	0	0.02
0.09	-0.01	0
-0.04	0	0
0	0	-0.01
0.58	-0.01	0
-0.15	0	0
0.13	-0.02	-0.02
0.01	0	0.01
0.26	-0.01	-0.01
0.42	-0.04	-0.08
-0.2	0	-0.01
0.11	0	-0.01
0.12	0	0
0.11	0	0.01
-0.04	0.01	0.01
-0.1	0	-0.01
0.07	0	0
0.07	-0.03	-0.07
-0.03	0	0.01
-0.13	0	-0.01
0.34	-0.01	-0.01
-0.18	0	0.01
0.11	0	0
-0.03	0	0
0.09	-0.01	0
-0.19	0	0
-0.01	0	0
-0.07	0.01	0.01
-0.1	0	-0.01
-0.02	0	0.01
0.04	0.01	0.05
0.03	0	0
-0.07	0.01	0.02
0	0	0.02
-0.04	0	0
0.07	0.01	0.04
0.01	0.01	0.04
0	0	-0.02
0.11	0.01	0.01
0.02	0	0
-0.15	0	-0.01
0.03	0	0.05
-0.06	0.01	0.03
0.06	-0.01	-0.02
0.05	0	-0.01
0.06	0	0.03
-0.03	0	0
-0.05	0	0.02
-0.07	0.01	0.01
-0.26	0.01	0.03
-0.14	0	-0.05
0.12	0	-0.02
-0.03	0	0.01
0.22	0	0.02
-0.02	0	0
0.02	0	0.03
0.02	0	0.01
0.04	0	0.03
-0.04	0	-0.02
-0.07	-0.01	-0.03
-0.05	0	-0.01
-0.03	0.01	0.04
-0.15	0.01	0.02
-0.04	0	0
-0.06	0	0
-0.02	-0.01	-0.01
0.2	-0.01	0.04
0.46	-0.01	0
0.11	0	0
0.04	-0.01	0.02
0.18	-0.01	0
0.06	0	0.01
0.13	0	0.01
0.12	0	0.05
-0.14	0	0.01
-1.28	-0.02	-0.02
-0.21	0	0
0.05	0	0
-0.11	-0.01	0.02
0.01	0	0.01
0.02	0	0
-0.02	0.01	-0.01
-0.05	0	0
-0.02	0	0.01
0.02	0	0
-0.12	0	0
-0.05	0	-0.01
0	0.02	-0.02
-0.03	0	-0.01
-0.03	0	0.01
0.01	0	0
0	0	0.01
-0.03	0	0
-0.08	0.01	-0.01
-0.24	0.01	-0.01
0.03	0.01	0.01
-0.05	0	0
0.04	0	0
-0.07	0	0.01
0.03	-0.01	0.01
-0.01	0.01	-0.02
0.07	-0.02	0.02
0.03	0	0.01
-0.12	0	0
0.02	0	0
0.02	-0.01	0.01
-0.03	0	0
-0.07	0	0
0.01	0	-0.01
-0.02	0	0
-0.02	0	0
-0.03	-0.02	0.02
0.06	0.01	-0.02
0.07	-0.01	0
0.01	0.03	-0.04
-0.03	-0.01	0.02
-0.02	0.01	-0.01
-0.02	-0.03	0.03
-0.06	0.01	-0.01
-0.01	-0.02	0.02
0.02	-0.01	0.02
-0.08	0	0
0.01	0	-0.01
0.04	0.01	-0.01
0.02	-0.01	0.01
-0.12	0.02	-0.02
0.02	-0.01	0.01
-0.03	0	0
-0.04	-0.02	0.02
-0.04	0.01	-0.02
0.07	-0.03	0.03
0.01	0.02	-0.02
0.06	0	-0.01
0	0	0
0.02	-0.05	0.07
-0.01	0	-0.01
-0.03	0.08	0.09
-0.02	0.04	0.03
-0.04	0.07	0.04
-0.18	0.01	-0.01
0.03	0	-0.01
-0.02	0	0
-0.21	0.06	0.07
0.38	0.06	0.05
0.12	0.02	-0.02
-0.17	-0.02	0.03
0	-0.02	0.01
0.02	0.01	0
0.09	0	0
0	-0.02	0.01
-0.12	-0.04	0.01
0.04	0.01	0
-0.18	-0.02	0.01
-0.03	0	0
-0.01	-0.01	0.01
0.07	-0.02	0.02
-0.03	-0.02	0.02
0.01	0.02	-0.02
0.04	0.02	-0.01
-0.06	-0.05	0.03
0.03	0.01	0
0.02	0.06	-0.04
0.36	0.01	0.02
0	-0.01	0
-0.03	0	0
0.01	-0.03	0.02
-0.03	-0.01	0
-0.21	-0.06	0.04
0	-0.01	0
-0.02	-0.02	0.01
-0.01	-0.01	0
-0.01	-0.02	0.01
0.19	0.04	-0.03
0.04	0.02	-0.01
0.17	0.03	-0.01
0.12	0.03	-0.01
-0.06	-0.02	0.01
0.05	0.02	-0.01
-0.14	-0.01	0.08
-0.04	-0.01	0.01
-0.19	-0.05	0.03
0.08	0.02	-0.01
-0.05	-0.01	0
0.06	0	0
0.01	0.01	0
-0.01	-0.01	0
-0.1	0	0
0.08	0	0
0.03	0.01	0
-0.09	-0.01	0
0.01	0	0
-0.02	0	-0.01
-0.03	0	0
-0.01	-0.02	0.01
-0.02	0.06	0.08
-0.07	0	0
0.02	-0.01	0.01
0.01	0.01	0
-0.02	0.01	0.02
-0.02	-0.02	0.01
0.01	0.04	-0.01
0.01	0.01	-0.01
-0.09	0	0
0.04	-0.01	0.01
-0.04	-0.03	0.02
0.05	-0.01	0
-0.02	0	0
0.03	-0.01	0
-0.03	0.01	-0.01
0.01	0	0
0	-0.02	0
0.04	0	0
0.03	0.06	0.03
0	0	-0.01
-0.07	0	0.01
0.18	0	-0.01
-0.07	0	-0.01
0.05	0.01	0
-0.05	-0.01	0.01
-0.05	0	0
0	-0.01	0
-0.12	0.03	0.04
0.2	-0.01	-0.01
0.05	0.04	0.02
0.04	0.05	-0.02
-0.06	-0.02	0.07
0.13	0.14	0.14
0.1	0.04	0.01
0.21	0	-0.01
0	0.03	0.01
0.02	-0.01	0.01
0.07	0	0.01
0.01	0.02	-0.01
-0.03	0.01	-0.01
0.01	0.01	-0.01
-0.01	0	0
-0.1	0	0
-0.02	0.01	-0.02
0	-0.04	-0.05
-0.05	-0.02	0.01
0.02	-0.02	-0.02
-0.08	0	0.01
-0.05	-0.02	0.01
0.03	0.01	0
-0.01	-0.01	0.01
0.09	-0.03	0.02
0.08	0.02	-0.01
0.1	0.04	-0.03
-0.06	-0.01	0.01
0.27	-0.04	0.03
-0.19	0	0
0.03	0	0
0	-0.01	0
0.1	-0.01	0
0.01	0	0
0.03	-0.01	0.01
-0.02	-0.03	0.02
0.2	0	-0.01
0.17	-0.07	0.05
-0.08	0.02	-0.01
0.2	-0.01	0
0.05	-0.01	0.01
0.05	-0.01	0.01
-0.22	0.01	-0.01
0.06	-0.04	0.02
0.06	-0.02	0.01
0.06	0.02	-0.01
0.08	0	-0.01
-0.11	0	0
-0.02	0	0
-0.01	0.01	0
0.02	0	0
0.01	-0.01	0
0	0	0
0	0	0
-0.09	0.01	-0.01
0.02	0	0
0.05	0	0
-0.02	-0.05	0.03
0.05	0.02	-0.02
0.12	-0.01	0
0	0	0
0.12	-0.02	0.01
0.04	0.02	-0.02
0.05	0	-0.01
-0.05	0.04	-0.02
0.07	-0.01	0
0.03	-0.03	0.02
-0.08	-0.04	0.03
0.01	0	0
-0.01	0.01	-0.01
0.02	0	0.01
-0.01	-0.02	-0.01
0.01	0	0
0.14	-0.02	0.01
0.05	-0.01	0.01
-0.18	0.02	0.02
-0.02	-0.05	-0.03
0.11	-0.01	0.01
0.07	0.02	-0.01
0.14	-0.02	0
0.09	-0.02	0.01
0.06	0.01	0
-0.25	-0.01	0.01
-0.09	0.02	0.02
-0.66	0.03	0.06
-0.07	0.01	0.08
-0.05	0.01	0
0	-0.03	0.01
-0.03	-0.02	0
0.01	-0.02	0
-0.12	-0.01	0.01
-0.22	-0.04	0.04
-0.02	0.02	0
0.09	0	-0.01
0.05	0.01	-0.01
-0.06	-0.03	0.01
0.05	0.02	-0.01
0.12	0.01	-0.01
0.07	0.01	0
-0.01	-0.01	0
0.24	0.06	0
0.1	0.02	0
0.04	0.01	-0.01
0.06	-0.01	0
-0.01	0	0
-0.05	0.01	0
0.01	0.01	0
0.03	0.01	0
-0.03	-0.01	0
0.03	0.01	0
-0.21	-0.05	-0.06
-0.05	0	0
0.16	0.02	0
-0.12	-0.05	0.01
-0.06	-0.01	0
-0.11	-0.01	0
0.01	0.01	0
-0.07	0.02	0
0.01	0	0
-0.04	0	0
0.1	0.01	0
0	0	0
0.02	0.01	0
0.08	0.01	0.01
-0.16	0.01	0
0	-0.02	0
-0.1	-0.02	0
-0.09	-0.01	0
-0.06	0.01	0
0.05	-0.01	0
-0.01	0.01	-0.01
0.02	-0.01	0
-0.04	0	0
0.06	-0.01	0.01
0.01	0	0
-0.02	0	0
-0.1	-0.01	0
-0.02	0.01	0
-0.06	0	0
0.02	0	0
-0.05	-0.02	0
-0.02	0.01	0
-0.01	-0.01	0
0.01	-0.01	0
0	0.01	0
0.04	0	0
0.01	0.02	0
0.01	0.01	0
0.03	0	0
0.01	-0.02	0
-0.05	-0.01	0
0.11	-0.02	0.01
0.02	0	0
0.01	0.01	0
-0.01	-0.01	0
-0.03	0	0
0	0	0
0.02	0.01	0
0.02	0	0
-0.03	0.01	-0.01
0	0	0
0	-0.01	0
0.02	-0.01	0
-0.06	-0.02	0
0.02	0	0
-0.02	-0.01	0
0.04	-0.01	0
-0.15	-0.03	0
-0.03	-0.01	0
0.05	0.01	0
0.08	-0.01	0
0.14	-0.01	0.01
0.1	0.01	0
-0.02	0	0
-0.11	0.01	0
-0.12	-0.05	0
0.24	0.04	-0.01
-0.13	-0.01	0.01
-0.19	0	0
0.18	-0.03	0.03
-0.18	-0.01	0
0.3	-0.02	0
-0.17	-0.01	0
0.04	0	0
0.02	0.03	0
0.02	0.02	0
-0.01	0.01	0
0.04	-0.02	0
0.3	0	0
0.01	-0.01	0
0.06	-0.01	0
0.07	0.01	0
0.08	-0.03	0
-0.44	0.01	0
0.08	-0.01	0
-0.18	-0.02	0
-0.01	-0.03	0
0.06	0.05	0
-0.16	-0.01	0
-1.14	0.08	0.01
0.03	0.01	0
0.06	0	0
-0.01	-0.01	0
0.03	0	0
-0.01	0.06	0
0.06	0.01	0
0	0	0
-0.08	0.06	-0.01
-0.29	-0.04	0
0.25	0.03	0.01
-0.07	0	-0.01
-0.06	0.02	0
0.01	-0.01	0
0.02	0	0
-0.05	0.01	0
0.01	0	0
0.03	-0.01	0
0	0	0
-0.03	0.01	0
-0.08	0	0
0.01	0	0
0.02	0.01	0
0.02	0.01	0
0.01	0	0
-0.05	-0.02	0
0.01	0	0
-0.03	0	0
-0.01	0	0
-0.01	0	0
-0.09	0.01	0
-0.02	0	0
-0.01	0	0
-0.01	0	0
0.02	0	0
-0.01	0	0
-0.01	-0.01	0
0.05	0	0
0.04	0	0
-0.02	0	0
-0.01	-0.01	0
0	0	0
-0.01	0	0
-0.04	0	0
0.04	-0.02	0
-0.03	-0.01	0
0	-0.01	0
0.01	-0.01	0
0.01	0	0
0.03	-0.01	0.01
0	0.03	0
-0.08	0	0
0.32	-0.01	0
0.03	0.02	0
0.09	-0.02	0
-0.02	-0.01	0
0	0	0
0.03	-0.01	0
0.04	0.01	0
-0.03	0	0
0.02	0	0
0	0	0
-0.04	-0.01	0
0.02	-0.05	0.01
0	0.02	0
-0.1	-0.03	0
0.06	-0.02	0
0.05	0.01	0
0.2	0.02	0
-0.14	-0.03	0
-0.04	0	0
0	0.01	0
0.04	0.05	0.01
-0.04	0.03	0
0.14	-0.03	0
0.11	0.01	0
0.05	-0.01	0
0.02	-0.01	0
0.02	0.01	0
-0.01	-0.01	0
-0.08	-0.01	0
0.01	-0.01	0
0.33	-0.01	0
-0.32	0.01	0
-0.14	0.01	0
-0.23	-0.02	0
-0.18	-0.01	-0.01
-0.11	-0.05	-0.01
-0.02	0.03	0
0.03	-0.01	0
-0.01	0.01	0
0.01	-0.03	0
-0.06	0	0
0.1	0.01	0
-0.03	0.01	0
0.05	0	0
-0.08	0	0
-0.01	0.01	0
0	-0.01	0
0.01	-0.01	0
-0.02	0	0
0.03	0.01	0
0	0	0
-0.03	0	0
0.05	0	0
0.35	0.02	-0.01
0.07	0.01	-0.01
0.44	0.01	0.01
-0.27	-0.01	0.01
-0.19	-0.02	0
0.35	0.01	0.09
-0.52	-0.03	0.01
0.37	-0.02	0
-0.48	0.02	0.02
1.17	0.35	-1.15
-0.06	-0.01	0
-0.01	0.01	0.01
-1.3	0	-0.16
0.06	0.01	0
0.15	-0.01	0
0.15	-0.01	0
2.43	0.71	-1.21
0.13	0.09	0.03
0.08	0.02	0
-0.31	0.01	0.01
0.24	0	0
0.02	-0.01	0
-0.19	0.01	0
0.15	0	0.01
-0.12	-0.01	-0.01
0.02	0.02	0.01
-0.12	0.01	0.01
-0.49	0	0
-0.2	-0.01	0
0.26	-0.04	0
0.29	0	0.01
0.19	0	0
0.09	-0.01	-0.01
-0.01	0	0
0.19	-0.01	0
0.09	0.01	0
0.28	-0.04	-0.01
0.03	0	0
0.14	0.01	0.03
-0.73	0	-0.02
0.02	0	0
-0.12	-0.01	0
-0.02	-0.01	0
0.04	-0.02	0
0.07	-0.01	0
0.04	0	0
-0.05	0.02	0.01
0.94	-0.01	-0.06
0.84	0.12	0.15
-0.07	0	0.02
0.23	0	0.01
0.03	0.02	0.06
0.14	0	0.02
-0.62	0.36	0.04
0.17	0.01	-0.02
-0.32	0	-0.01
-0.35	0	0.02
-0.2	-0.18	-0.04
2.15	-0.23	0.01
-1.82	0.21	-0.17
-0.15	0	-0.01
-0.14	0	-0.02
0.13	0	0.02
1.43	0.02	0.09
-0.12	0	-0.01
-0.01	0	0.02
0.01	0	0.02
-0.7	0	-0.01
3.65	0.15	0.06
0.38	0	0
-0.69	0.01	-0.02
-0.09	0.01	0
-0.32	0.02	-0.01
0.08	-0.04	-0.07
-0.05	-0.02	0.01
-0.2	0	0.01
-0.1	0.03	-0.02
0.45	0.05	-0.03
-0.48	-0.06	-0.04
0.56	1.11	-0.02
-1.69	0	0
-0.92	0.07	0.06
5.71	-1.29	-0.1
2.9	0.02	-0.13
2.48	0.21	0.16
-1.38	-0.85	-1
-1.06	0.32	-0.03
-2.5	0.43	-0.07
0.11	-0.25	-0.28
-2.74	0.32	-0.09
-1.52	-0.05	0.02
-3.81	0.19	0.13
1.94	0.6	-0.22
0.42	1.09	-0.46
0.18	0.61	0.3
0.2	-0.25	-0.15
-1.7	-1.42	0.31
0.71	-1.88	1.38
0.23	-0.48	0.28
-0.86	0.02	0.41
-0.5	-0.75	0.17
-0.22	-0.33	0.8
1.13	1.46	-0.09
0.07	1.27	0.34
-0.13	0.3	0.16
0.39	0.87	-1.4
-0.92	-0.61	0.01
-0.26	0.03	-0.25
0.07	0.01	-0.12
-0.26	-0.36	0.38
-0.74	-0.03	-0.1
-0.36	-0.07	0
-0.23	-0.38	0.03
-0.02	-0.19	0.02
-0.16	-0.32	0.35
0	0.17	0.23
0.15	0.21	-0.3
0.53	-0.23	-0.24
0.26	0.27	0.09
3.16	-0.33	-0.42
-1.95	0.38	0.27
-0.37	0.13	0.42
1.33	1.28	0.2
0.75	0.29	-0.14
-0.03	-0.23	-0.13
-0.06	-0.04	0.03
-0.16	-0.13	-0.11
-0.04	-0.39	-0.32
-0.59	0.15	-0.05
0.46	-0.13	-0.07
0.67	-0.27	-0.3
0.39	0.06	-0.03
-0.37	0.1	0.06
0.25	-0.03	0.03
0.01	0.07	0.07
0.03	-0.06	0.01
0.15	-0.02	0.04
0.28	-0.06	-0.03
0.63	-0.36	-0.62
0.84	-0.71	1.46
0.17	-0.65	-0.06
-1.28	-0.24	0.52
-1.14	-0.5	-0.17
-1.67	-0.71	-0.72
0.57	-0.43	-0.98
0.24	-0.51	0.39
0.24	-0.28	0.06
-0.03	-0.06	-0.01
-0.29	0.29	-0.43
-0.39	1.15	0.7
-0.44	-0.13	-0.66
1.46	-1.8	-0.56
-0.26	0.41	-0.11
-0.19	0.17	-0.02
-0.23	0.2	-0.27
0.11	0.04	-0.07
0.02	-0.22	0.05
-0.4	-0.08	0.32
-0.02	0.74	0.79
0.07	-0.1	-0.3
-0.18	0.29	-0.09
0.27	-0.14	0.34
0.5	0.33	-0.73
-0.12	0.72	0.23
0.08	-0.11	-0.09
0.14	-0.53	0.45
0.32	-0.48	0.61
-0.07	0.45	0.9
0.14	-0.01	0.17
-0.1	-0.06	0.08
0.06	0.18	0.52
0.59	0.37	0.26
0.44	-1.04	-0.49
-0.16	0.03	-0.16
0	0.09	-0.06
-0.06	0.13	-0.09
-0.23	-0.09	-0.45
-0.56	0.12	-0.3
0.34	0.2	0.22
0.37	0.27	0.24
0.85	-1.45	-1.33
0.18	-0.71	-0.96
0.42	-0.25	0.62
0.8	-0.48	0.41
1.39	-0.24	0.38
-0.32	-0.08	-0.43
-0.53	-0.37	-0.53
-0.03	0.2	-0.04
0.07	-0.01	-0.03
0.06	-0.17	-0.04
0.05	0.05	-0.05
0.04	0.01	0.07
0.11	-0.18	0.37
-0.14	-0.09	0.07
-0.14	-0.05	0.03
0.06	0	-0.22
0.04	0.2	0.17
0.05	0.12	0.01
0.03	-0.19	-0.05
0.06	0.02	0.05
-0.02	-0.07	0.05
-0.01	-0.05	-0.02
0.05	0.09	-0.06
-0.03	0.18	0.04
-0.02	-0.03	0.02
0.06	0.02	0.02
-0.09	-0.16	-0.08
-0.08	0.22	-0.07
0.01	-0.01	-0.04
0.02	0.01	-0.08
0.01	0.1	0.04
-0.08	0.11	-0.03
-0.04	0.01	0.05
0.06	-0.08	-0.06
0.06	-0.08	-0.04
0.09	0.11	-0.02
0.07	0.21	0
0.05	0.03	0.04
-0.02	0.02	0.08
-0.04	0.07	0.04
0.06	0.18	0.1
0.05	0.12	0.1
0.02	0.22	0.16
-0.17	0.37	-0.02
-0.1	-0.07	-0.1
-0.1	-0.08	0.04
0	0.03	0.03
0.03	0.05	0.05
0.06	0.1	0.02
0.13	0.07	-0.11
0.02	-0.09	-0.06
-0.02	-0.03	-0.04
-0.03	-0.07	-0.05
0.01	0.04	0.06
0.06	0.5	0.22
-0.17	0.34	-0.3
0	0.22	0.01
0.09	0.04	0.05
0.01	-0.1	0.05
-0.03	-0.11	-0.04
-0.22	-0.34	-0.19
-0.61	0.26	0.29
0.34	-0.07	-0.53
0.24	0.06	-0.01
-0.17	-0.25	0.4
-0.1	-0.14	-0.25
0.05	-0.22	0.02
0.11	0.17	0.01
-0.33	0.4	0.39
0.44	0.39	0.42
0.37	0.07	0.45
0.22	-0.19	0.06
0.29	-1.13	-1.21
0.9	0.08	0.52
0.62	-0.08	-0.79
0.35	-0.01	-0.03
-0.03	-0.52	-0.11
-2.22	-0.87	-0.26
1.63	-0.02	0.01
0.16	-0.01	-0.02
0.35	-0.01	-0.01
0.96	-0.02	-0.03
0.71	-0.04	0.08
0.02	-0.01	0.01
-0.1	0.05	-0.11
0.02	-0.1	0.05
0	0.05	-0.08
-0.04	0.02	-0.02
-0.02	-0.03	-0.01
-0.01	0.06	0.01
0.03	0.01	0.02
-0.1	0.04	-0.03
-0.21	0.13	-0.1
0.01	-0.01	-0.01
-0.01	0	0.02
-0.02	-0.01	-0.04
0.02	-0.05	0.03
-0.01	0	0
-0.05	-0.05	-0.02
-0.01	0	0.01
0.02	-0.04	0.02
-0.06	-0.05	-0.01
-0.1	0.05	-0.1
0.02	-0.01	0.01
0.2	-0.27	0.26
0.05	-0.04	0.02
0.04	0.07	-0.04
0.02	0.01	-0.01
0.06	0.02	-0.01
-0.03	0.05	-0.04
-0.07	0.01	0.04
-0.16	0.1	-0.09
-0.03	0.1	-0.05
0	-0.01	0
-0.29	0.43	-0.25
0.02	0	0.01
-0.07	0.22	-0.09
-0.2	0.16	-0.11
0.02	0.01	0.01
0.02	0	0
0	0	0
0.04	0	0
-0.04	0	0
-0.05	0	0
0.01	0	0
0.01	-0.01	-0.01
0.06	0	0
0.09	-0.02	-0.05
-0.01	0	0
0.14	-0.01	-0.01
-0.05	0	0
0	0	0
-0.12	0	0
-0.04	0	0
0.35	0	0.01
-0.1	0	0
0.57	-0.05	-0.03
-0.35	0	0
-0.23	0	0
0.2	-0.01	0
-0.37	0	0
-0.59	0.01	-0.01
0.44	0	0.01
-0.04	-0.01	-0.01
-0.3	0	0
-0.17	0.01	0
0.31	-0.01	0
-0.41	0	0
-1.15	0.02	0
0.18	0.01	0
-0.11	-0.01	-0.01
0.57	0	0.01
0.1	-0.01	0
-0.06	0	0
0.63	-0.01	0
0.23	-0.01	0
-0.21	0	0
0.02	0	0
0.24	0	0
-0.45	0	0
0.66	-0.01	0
0.37	0	0
-0.29	0	0
0.48	-0.01	0
0.05	0	0
-0.13	0.08	-0.14
-0.03	-0.01	0
-0.18	0	0
0.64	-0.01	0
-0.51	0	0
0.67	-0.01	0
0.18	-0.01	0
0.21	0	0
-0.14	0	0
0.18	0	0
0.09	0	0
0.04	0	0
0.04	0	0
0.1	0	0
-0.09	0	0
-0.07	0	0
-0.03	0	0
-0.02	-0.01	0
0.01	0	0
0.13	0	0
-0.12	0	0
-0.09	0	0
0.18	0	0
0.11	-0.01	0
0	0	0
-0.02	0	0
0	0	0
0	0	0
0.05	-0.01	0
0.09	0	0
0.01	0	0
0.03	0	0
-0.05	0	0
-0.07	0	0
-0.77	0.4	0.7
-0.24	0	0.07
-0.1	-0.02	0.04
0.23	0.02	-0.13
0.12	-0.02	-0.07
0.39	0.12	-0.09
-0.66	-0.67	-0.28
-1.55	0.06	0.01
0.48	-0.02	0
-1.14	0.09	-0.17
1.79	-0.06	-0.01
0.46	-0.01	0
0	0	0
0.07	0	0
0.06	0	0
0.13	-0.01	0
-0.14	0	0
0.15	-0.22	0.63
0.12	0.02	0.01
-0.11	-0.01	0
-0.02	0	0
0.95	-0.01	0
0.88	0.03	0.01
-0.25	0	0
-0.22	0.01	0
0.17	0	0
-0.02	0	0
0.33	0.03	0.01
0.12	-0.01	-0.01
0.22	0	0
0.08	0	0
0	0	0
-0.15	0	0
0.02	0	0
-0.11	-0.01	0
-0.01	0	0
-0.03	0.01	0
0.08	0.01	0
-0.16	-0.01	-0.01
0.14	0	0
-0.07	-0.01	-0.01
0.08	0	0
-0.48	0	0
-0.41	0.02	0
-0.07	0	0
0.11	0	0
0.32	-0.02	0
-0.25	-0.02	-0.01
-0.27	-0.02	0
-0.02	0.01	0
0.39	0.03	0.01
-0.14	0	0
0.09	0	0
-0.2	0	0
-0.09	-0.01	0
-0.14	-0.01	0
0.01	-0.01	0
-0.1	0.01	0
-0.17	-0.01	0
-0.1	0	0
0.33	0	0
-0.1	0	0
0	-0.01	0
0.08	0.01	0
0	0	0
-0.14	0.01	0
-0.01	0	0
-0.03	-0.01	0
0.03	0.01	0
0.02	0	0
-0.04	0	0
-0.06	0	0
0.19	0.01	0
-0.2	0.02	-0.01
-0.04	-0.01	0
0.02	-0.01	0
-0.15	0.01	0
0.15	0	0
0.16	0.03	0.01
0.12	0	0
-0.13	-0.01	0
-0.04	0.01	0
-0.03	-0.01	0
0.05	0	0
0.13	0	0
0.04	0	0
0	0	0
0.1	0.01	0
0.11	-0.01	0
0.02	0	0
-0.01	0	0
0.07	0	0
-0.08	0.01	0
0.17	0	0
-0.09	0	0
-0.01	0.01	0
0.23	0	0
0.06	0	0
0.02	-0.01	0
0.13	0	0
-0.58	0.11	-0.26
0.34	0	0
-0.43	0.02	0
-0.4	0.01	0
0.22	0.01	0.04
-0.33	-0.07	0.19
-0.15	0.17	-0.46
0.01	0.01	0
-0.3	0.01	0
0.21	-0.03	-0.02
0.06	0.01	0
0.06	-0.01	0.05
-0.03	0.01	0
0.07	0	0.03
0.24	0.02	0.01
-0.02	-0.01	0
0.01	0	0
-0.11	0	0
-0.1	-0.01	0.02
-0.05	-0.01	0
0.02	0	0
0.03	0	0
-0.53	0.05	-0.18
0.06	-0.01	0.01
-0.04	0	0
0.36	0.02	-0.02
-0.2	0	0
0.13	-0.01	0
0.05	-0.01	0
-0.02	0.01	0
-0.28	-0.01	0.01
-0.01	-0.01	0
0.01	0	0
-0.14	-0.01	0
0.09	0	-0.02
0.07	-0.01	0
-0.02	0.01	0.01
0.1	-0.01	0
-0.1	0.01	0
0.11	0	0
0.17	-0.03	-0.01
-0.02	0	0
0.09	-0.01	0
-0.05	0.03	0.01
0.21	-0.06	0.16
-0.06	-0.01	-0.01
-0.03	-0.15	0.41
-0.02	0	0
0.13	-0.01	0
-0.14	-0.02	-0.01
-0.38	0.09	-0.21
0.08	-0.01	0
-0.1	0	0
-0.1	-0.06	-0.02
0.07	-0.01	0
0.01	0	0
0.01	0	0
0.08	-0.04	-0.01
0.14	-0.03	-0.01
-0.45	0.04	0.01
-0.16	0.01	0
-0.14	0.04	-0.08
-0.23	0.03	0
0.03	-0.02	-0.01
-0.03	0	0
-0.08	0.02	0
-0.13	0.02	0.02
-0.17	-0.03	0.2
0.04	-0.01	0
-0.07	0	0
-0.02	0	0
-0.05	0.01	0
0.14	0.02	0
-0.01	0	0
-0.12	0.04	-0.02
0.01	0.03	0.01
0.27	-0.01	0
0.02	-0.07	0.22
-0.1	0	0
-0.01	0.01	0
0.09	-0.01	0
0.02	0	0
-0.06	-0.01	0
0.15	-0.01	0
0.03	-0.01	0
0.03	0.01	0
-0.08	0.01	0
-0.19	-0.01	0
-0.05	0	0
-0.14	0	0
0.05	-0.01	0
0.13	-0.01	0
0.06	-0.01	0
0.06	-0.02	0
-0.34	-0.06	0.32
0.19	0	0.27
0.09	-0.05	-0.15
0.21	0.1	-0.27
0.27	0.29	0.44
-0.17	-1.15	-1.67
-0.14	-0.02	0.03
0.16	0.15	-0.61
0.23	0.05	-0.22
-1.05	-0.08	0.38
-1.2	-0.42	0.45
0.77	0.02	-0.02
-1.41	-0.78	0.92
-0.14	0.01	0
-0.33	0.17	-0.12
1.11	1.42	-0.11
0.39	0.38	0.24
-0.95	-0.66	-0.3
-1.68	-0.9	0.5
1.36	-1.42	-1.45
0.03	0.39	0
0.01	0.1	-0.06
-0.01	-0.08	-0.06
0	0.01	0
0.06	-0.03	-0.04
-1.14	0.13	-0.15
-1.71	-0.02	-0.59
-1.34	-0.56	-0.68
0.71	0.01	-0.04
0.62	0.16	0.1
-0.36	-0.04	-0.04
0.09	-0.25	0.14
1.51	0.61	0.21
0.43	-0.35	0.1
-0.32	-0.05	-0.17
-0.24	1.78	3.01
0.12	0.25	-0.01
0.19	0.56	0
2.31	2.78	-0.2
-1.78	-4.01	-1.11
0.13	-0.21	-0.22
-0.4	0.14	-0.13
-0.29	-0.17	0.01
-0.28	-0.69	-0.24
-0.03	-0.09	0.12
0.04	-0.01	-0.1
0	-0.07	0.06
0.04	0.03	0.09
-0.18	-0.1	0.28
-0.03	-0.01	-0.08
0.05	-0.05	0.01
-1.29	-0.24	0.27
-0.49	-0.32	0.06
-1.51	0.61	0.33
-0.27	-0.12	0.03
-0.21	0.07	0
0.14	-0.02	0.02
0.11	0.06	0.07
-0.34	0.24	0.02
-0.09	-0.12	-0.05
0.22	-0.21	-0.1
0	-0.12	-0.03
-0.02	0.05	0.04
0.23	0.13	0.04
0.08	-0.08	-0.08
-0.78	0.32	-0.22
-3.91	1.57	0.08
0.33	-0.1	-0.07
-0.31	0.72	0.2
-0.65	-0.03	0.03
0.29	-0.2	-0.1
-0.28	-0.08	-0.17
1.19	-1.83	-0.27
0.33	-1.06	-0.7
-0.06	0.38	0.29
-0.01	-0.16	-0.05
0	0.02	-0.06
0.01	0.13	-0.03
0	0.04	-0.03
0.01	0.13	0.02
0	0.03	0
0.01	0.03	-0.03
0.04	-0.27	-0.1
-0.5	-0.62	-0.03
0.78	0.32	0.34
0.12	-0.1	-0.49
-0.33	-0.12	-0.07
-0.13	0.15	0.22
0.64	-2.12	-1.65
-0.65	0.65	-0.28
-0.36	-0.17	-0.29
-0.22	0.81	-0.16
-1.04	0.44	-0.09
-0.26	0.09	-0.23
-2.87	-0.24	-2.16
-0.04	-0.2	-0.45
0.15	0.17	0.26
-0.61	0.11	0.14
1.2	0.53	-0.17
-0.17	1.16	0.08
1.33	-2.13	0.12
1.69	1.65	0.79
0.26	0.5	0.05
0.03	0.93	-0.47
0.12	-0.15	-1.03
-0.25	-1.88	1.86
-0.07	0	-0.02
-0.13	-0.5	1.11
-0.29	-0.31	-0.05
-1.14	0.22	2.07
1.11	-0.14	-0.15
-0.14	0.17	0.22
-0.23	-0.18	-0.16
-2.07	-0.37	-0.54
0.67	-0.77	0.27
0.19	0.15	-0.05
1.99	1.6	-0.98
-0.7	-0.67	0.51
-0.33	-0.2	0.24
-0.83	-0.69	0.5
0.54	0.88	-0.45
0.89	-0.11	-0.25
0.12	0.11	-0.3
-0.27	-0.63	0.26
-0.14	-0.04	-0.14
0.37	-0.2	0.11
0.4	-0.23	0.03
2.38	-0.05	0.15
-0.09	-0.1	0.39
1.47	-0.81	-0.1
-1.34	0.96	-3.67
-2.57	-0.18	0.2
-0.02	-0.16	-0.19
-0.74	0.02	0
0.02	0	0
-0.35	0	0
0.03	0	0
-0.28	0.01	0
0.11	-0.02	-0.01
0.05	-0.01	-0.01
0.22	-0.01	-0.01
0.26	0	0
-0.23	0	0
-0.04	0	0
0.09	0	0
0.29	0	0
-0.34	0.01	0.01
0.42	-0.01	0
-0.2	0	0
-0.21	0.01	0
0.13	0	0
0.81	-0.01	0
-0.14	-0.01	0
0.1	-0.01	0
0.06	-0.01	0.03
0.18	0	0
-0.11	0.01	0.03
0.58	0	0
-0.03	-0.01	0
0.03	0.01	0
-0.13	0.01	0.01
-0.32	0	0
0.1	0	0
-0.07	0	0
-0.15	0.01	0.01
0.29	-0.01	0
-0.19	0	0
0.03	0	0
-0.07	-0.02	0.01
-0.05	0	0
-1.28	-0.66	0.7
0.7	0.04	-0.03
-0.27	-0.01	0.01
-0.84	0.01	0
-0.1	0.01	0
-0.01	0.01	0.02
-0.03	0	0
0.32	-0.01	0
0.66	-0.02	0
0.11	-0.01	-0.01
-0.03	0.02	0.01
0.11	-0.01	0
-0.1	-0.01	0
-0.13	0	0
0.23	-0.1	0.16
