Linear Accel. [X]	Linear Accel. [Y]	Linear Accel. [Z]
-0.09	-0.02	0.22
-0.02	0.04	-0.21
-0.02	-0.2	0.29
-0.06	0.16	-0.08
-0.09	-0.09	0.19
-0.12	-0.14	-0.07
-0.01	0.09	0.21
-0.04	-0.34	0.2
-0.05	0.29	-0.31
-0.05	-0.5	0.25
-0.03	0.28	0.03
-0.11	-0.41	0.17
-0.07	0.32	0.05
-0.04	-0.2	0.02
-0.05	-0.04	0.17
-0.1	0.04	-0.2
-0.09	-0.2	0.29
-0.03	0.16	0.03
-0.04	-0.07	0.06
-0.06	-0.18	-0.06
-0.1	1.29	0.14
-0.07	0.25	-0.12
0.03	-0.15	0.07
-0.14	0.15	0.04
-0.02	-0.44	0.43
0.02	0.35	-0.08
-0.07	-0.08	-0.04
-0.14	0.9	0.63
-0.05	0.26	0.22
-0.06	-0.09	0.28
0.09	-0.33	0.01
-0.05	0.01	0.13
-0.03	-0.24	-0.19
-0.1	0.17	0.43
-0.09	-0.28	0.05
-0.05	0.24	0.45
-0.04	0.03	-0.25
-0.08	-0.28	-0.01
-0.08	0.56	0.88
0.03	-0.25	-0.21
-0.05	-0.01	0
-0.02	0.08	0.77
0	0.27	-0.44
-0.07	-0.25	0.24
-0.1	0.02	-0.32
-0.04	-0.32	0.23
-0.08	0.13	-0.36
-0.08	0.31	0.81
-0.04	-0.05	-0.39
-0.05	0.13	0.3
0.02	-0.46	-0.26
-0.02	-0.29	-0.46
-0.01	0.26	0.4
-0.02	-0.42	-0.04
-0.02	0.41	0.06
-0.01	-0.33	-0.39
-0.02	0.55	0.64
-0.06	-0.33	-0.3
-0.05	0.27	0.42
-0.04	-0.44	-0.3
-0.09	0.32	0.41
-0.04	-0.29	-0.26
-0.01	0.41	0.03
-0.04	-0.37	0
-0.1	-0.03	0.37
-0.07	-0.05	-0.07
-0.08	0.09	-0.05
-0.01	-0.35	-0.01
-0.02	0.37	0.01
-0.03	-0.2	0.02
-0.05	0.03	0.27
-0.06	0.14	-0.17
-0.05	-0.13	0.3
-0.1	0.19	-0.09
0	-0.2	-0.34
0.01	0.61	-0.19
-0.03	-0.29	0.51
-0.06	0	-0.52
-0.11	-0.01	0.92
-0.07	-0.3	-0.24
-0.04	0.05	-0.62
-0.07	-0.24	0.27
0.01	0.17	0.42
-0.07	-0.19	0
-0.03	0.2	0.47
-0.08	0.1	-0.39
-0.03	0.24	0.36
-0.01	-0.15	-0.06
0	0.18	0.07
-0.08	-0.43	-0.18
-0.03	0.15	0.46
-0.1	-0.35	-0.29
-0.03	0.25	0.25
-0.1	-0.01	-0.08
-0.05	0.1	0.26
-0.03	-0.08	0.04
-0.08	0.06	0.01
-0.07	0.1	0.07
-0.12	0.16	0
-0.04	0.13	-0.06
-0.05	-0.08	0
0	-0.03	0.45
-0.05	0.19	-0.24
0	-0.22	0.4
-0.08	0.13	-0.26
-0.07	-0.15	0.19
-0.14	-0.09	-0.05
-0.06	0.04	-0.11
-0.05	0.07	0.34
0.06	-0.08	-0.03
-0.18	-0.16	0.38
-0.06	0.19	-0.17
-0.07	0.01	0.31
-0.02	-0.08	-0.26
-0.05	0.02	0.08
0	0.13	-0.32
-0.07	-0.16	0.22
0	0.04	-0.03
-0.02	0.03	0.03
-0.09	-0.24	0.15
0	0.05	-0.09
-0.03	-0.29	0.47
-0.1	0.12	-0.31
-0.1	0.1	0.24
-0.02	0.04	-0.22
-0.04	-0.04	0.02
-0.07	0.12	-0.22
0.05	-0.18	0.38
0.02	0.54	-0.71
-0.05	-0.5	-0.36
0.15	0.54	0.78
-0.06	-0.2	-0.48
-0.04	-0.1	-0.1
-0.02	0.14	0.21
-0.04	-0.68	0.07
-0.09	0.18	0.12
-0.05	0.09	0.2
-0.01	-0.17	-0.22
-0.03	0.22	0.03
-0.05	-0.08	0.58
-0.07	0.08	-0.28
-0.08	-0.35	-0.13
-0.08	0.23	0.2
-0.21	-0.27	-0.24
-0.03	-0.03	-0.05
-0.05	0.06	0.49
-0.12	0.02	0
-0.02	0.12	-0.02
-0.06	0.02	0.24
-0.02	0.06	0.23
-0.07	-0.13	0.06
0	-0.06	-0.14
-0.07	0	0.29
-0.02	-0.1	-0.04
-0.07	0.19	0.15
-0.07	0.15	0
-0.08	0.1	0
-0.14	0.18	0.24
0	-0.22	-0.04
0	-0.27	-0.03
-0.03	-0.02	0.04
-0.12	0.02	-0.01
-0.04	0.01	0.26
-0.13	-0.4	0.2
-0.07	0.27	0.28
0	0.21	-0.06
-0.11	0.09	-0.02
-0.03	-0.25	0.13
-0.03	-0.13	0.04
-0.05	-0.11	-0.16
-0.02	0.01	-0.22
-0.04	-0.07	0.22
-0.01	0.05	-0.13
-0.06	0.03	-0.04
-0.03	-0.08	0.26
-0.04	0.16	0.01
-0.06	-0.08	-0.04
-0.12	0.25	0.2
-0.09	-0.19	0.09
-0.05	0.17	-0.06
-0.07	-0.05	0.21
-0.07	-0.15	0.16
-0.06	-0.01	0.06
-0.08	0.01	0.15
-0.04	0	0.05
-0.12	0	0.14
-0.04	-0.07	0.18
-0.02	0.03	-0.07
-0.07	0.08	0.27
-0.08	-0.37	-0.15
-0.05	0	0.25
-0.05	-0.29	0.06
0.05	0.35	-0.03
-0.06	-0.5	0.05
-0.1	0.11	0.08
-0.01	-0.13	0.25
0.04	0.63	-0.16
-0.1	0.38	0.25
-0.04	0.54	0.1
-0.12	-0.39	0.11
-0.13	0.2	0.21
-0.06	0.57	0.09
-0.1	-0.44	-0.14
-0.1	0.05	0.39
-0.06	0.39	-0.02
-0.21	-1.22	0.29
-0.11	0.11	0.19
-0.07	-0.64	-0.25
-0.02	0.63	0.09
-0.07	-0.52	0
-0.03	0.56	0.04
-0.11	-0.4	0.01
-0.05	0.11	0.12
-0.06	0.1	-0.29
-0.06	-0.24	0.26
-0.07	0.26	-0.34
-0.04	-0.14	0.26
-0.01	0.1	-0.25
-0.05	0.1	0.32
-0.07	-0.11	-0.11
-0.05	0.23	0.17
-0.06	-0.07	-0.05
-0.04	0.09	0.19
-0.04	-0.04	-0.03
-0.03	0.1	0.22
-0.09	0	-0.07
-0.01	-0.13	0.21
-0.04	-0.11	-0.04
-0.04	-0.05	0.15
-0.01	0.01	0.05
-0.03	0.13	-0.06
-0.01	0.01	0
-0.02	-0.1	-0.14
-0.06	0.09	0.36
-0.04	-0.11	0.07
-0.01	0.17	0.16
-0.1	-0.1	-0.02
-0.03	-0.03	0.05
-0.07	-0.06	0.13
-0.07	0.16	-0.06
-0.05	-0.09	0.24
-0.04	-0.05	0.01
-0.06	0.12	0.16
-0.05	-0.13	-0.02
-0.05	0.02	0.28
-0.07	0.08	-0.04
-0.06	0	0.19
-0.1	-0.09	0.11
-0.01	0.14	0.05
-0.07	-0.1	-0.12
-0.08	0.14	0.21
-0.02	0.01	-0.09
-0.1	-0.02	0.29
-0.04	0.1	-0.25
-0.05	-0.02	0.27
-0.09	0.07	-0.13
-0.09	-0.17	0.25
0	0	-0.35
-0.06	-0.24	-0.02
-0.01	0.15	-0.06
-0.05	-0.29	0.1
-0.03	0.22	-0.12
-0.08	-0.15	0.35
-0.04	0.2	-0.28
-0.08	-0.07	0.28
-0.01	-0.14	-0.3
-0.06	0.02	0.09
-0.05	-0.3	0.16
-0.05	0.11	-0.07
-0.02	-0.15	0
-0.12	-0.06	0.35
-0.09	-0.14	0.29
-0.01	0.28	-0.28
-0.1	-0.29	0.37
-0.05	-0.14	-0.49
0	-0.22	-0.02
0	0.12	-0.04
-0.02	0.03	-0.02
-0.09	-0.16	-0.01
-0.09	-0.11	0.02
-0.02	-0.05	-0.32
-0.08	-0.21	0.68
-0.07	0.2	-0.21
-0.07	-0.07	0.15
-0.09	-0.14	-0.15
0.07	0.15	-0.3
0	0.23	-0.43
-0.14	0.4	-0.02
0.02	-0.24	-0.04
-0.12	0.02	0.31
0.35	-0.6	0.12
0.04	0.12	0.32
0.11	-0.14	-0.11
0	0.68	0.71
0.13	0.28	0.02
-0.14	-0.33	-0.27
0.18	-1.33	1.16
-0.33	0.13	-1.12
-0.06	-0.3	1.46
0.02	-0.31	-0.08
0.01	0.25	0.27
-0.09	-0.08	-0.35
-0.05	0.13	0.7
-0.12	-0.18	-0.24
-0.07	0.05	0.3
-0.07	-0.04	-0.35
-0.04	-0.05	0.39
-0.05	0	-0.31
-0.08	0.08	0.21
-0.03	-0.15	-0.39
-0.04	0.25	0.3
-0.08	-0.31	-0.29
-0.04	0.32	0.08
-0.05	-0.27	-0.29
-0.05	0.12	-0.02
-0.12	0.07	0
-0.07	0.01	-0.04
0.02	0.02	0
-0.05	0.08	0.01
0.01	0.15	-0.32
-0.05	-0.16	0.34
-0.02	0.22	-0.17
-0.09	0.04	0.24
0.01	-0.02	0.35
-0.03	0.02	-0.26
-0.01	0.11	0.31
-0.06	-0.15	-0.24
0	0.01	0.02
-0.01	-0.03	-0.05
-0.01	-0.17	0.34
0	0.13	-0.16
-0.02	0	0.09
-0.04	-0.1	0.01
-0.02	0.15	0.27
0	-0.79	-0.28
-0.05	0.17	0.3
-0.04	-0.17	-0.46
-0.06	0.12	0.43
-0.03	-0.04	-0.38
-0.08	0.06	0.48
0	0.03	-0.2
-0.07	0.01	0.09
-0.03	-0.24	-0.17
-0.04	0.09	0.12
-0.04	-0.17	0.03
-0.05	0.35	0.12
-0.06	0.04	0.2
-0.07	-0.12	0.15
-0.03	0.25	0.04
-0.09	-0.22	-0.03
-0.05	0.26	0.43
-0.02	-0.01	-0.34
-0.05	-0.18	0.26
-0.03	0.16	-0.18
-0.03	-0.16	0.08
-0.02	-0.05	-0.07
0.01	0.11	-0.08
-0.02	-0.17	-0.04
-0.07	0.1	0.1
-0.03	0.18	-0.23
0	0.03	0.25
-0.01	-0.21	-0.05
-0.02	0.12	0.14
-0.05	-0.33	0
-0.03	0.13	-0.02
-0.08	-0.03	0.02
-0.01	0.1	0.03
-0.1	0.13	0.18
-0.04	-0.18	-0.11
-0.04	0.26	0.08
-0.04	-0.42	-0.04
-0.04	0.24	0.22
-0.03	-0.1	-0.04
-0.03	0.04	0.34
-0.04	-0.03	0.22
-0.02	-0.09	-0.07
-0.06	0.09	0.34
-0.04	-0.06	-0.04
-0.01	0.02	0.34
-0.01	0.08	-0.25
-0.03	0.11	0.28
-0.06	-0.2	-0.14
-0.04	0.26	0.06
-0.03	-0.09	-0.06
-0.03	0.14	-0.05
-0.03	-0.21	0.35
-0.02	0	-0.18
-0.04	-0.37	0.04
-0.02	0.31	-0.03
-0.06	-0.3	-0.07
-0.09	-0.03	0.25
-0.03	0.16	-0.15
-0.06	-0.03	0.29
-0.08	0.14	0.02
-0.03	0.18	0
-0.06	-0.13	-0.14
-0.02	0.09	0.14
-0.07	-0.06	0.23
-0.03	0.35	0.23
-0.02	0.12	-0.16
-0.03	0.33	0.17
-0.07	-0.24	-0.16
-0.01	0.3	0.12
-0.09	0.01	-0.17
-0.02	-0.33	0.24
-0.02	0.25	-0.29
0.02	-0.07	0.23
-0.05	-0.09	-0.29
-0.07	-0.33	0.28
-0.11	-0.21	0.14
-0.06	0.32	-0.27
-0.09	-0.38	0.26
-0.04	-0.29	-0.26
0.01	0.22	0
-0.09	-0.32	0.07
-0.02	0.33	-0.09
-0.04	-0.02	-0.19
-0.09	0.01	0.44
-0.05	0.58	-0.62
0.03	-0.6	-0.53
-0.06	0.64	0.01
-0.04	0.07	0.25
-0.11	-0.1	0.08
-0.05	0.02	0.3
-0.05	-0.11	-0.21
-0.03	0.55	0.24
-0.04	-0.19	-0.12
-0.02	0.31	-0.18
-0.08	-0.28	-0.16
-0.06	0.17	0.51
-0.05	-0.12	-0.38
-0.07	0.51	0.88
-0.01	-0.32	0
-0.04	0.02	-0.1
-0.16	-0.04	0.25
-0.02	-0.01	0.15
-0.07	0	0.16
-0.01	0.07	-0.22
-0.1	0.04	-0.27
-0.03	-0.11	0.33
-0.02	0	-0.55
-0.08	-0.44	-0.16
-0.27	0.34	0.27
-0.01	-0.05	-0.31
-0.16	-0.15	0.18
-0.04	0.3	0.16
-0.1	-0.23	-0.15
-0.01	0.12	0.26
-0.09	-0.13	-0.12
-0.02	0.09	0.14
-0.05	-0.03	-0.03
-0.07	-0.07	0.21
-0.05	0.14	-0.07
-0.1	-0.05	0.23
-0.06	0.06	-0.06
-0.02	-0.01	0.08
-0.04	0	-0.03
-0.12	-0.21	-0.07
-0.06	-0.36	0.06
-0.06	0.05	-0.42
-0.06	-0.06	0.13
-0.07	-0.15	-0.18
-0.02	0.05	0.12
-0.06	-0.12	0.19
-0.02	0.18	-0.1
-0.02	0.17	0.21
-0.07	-0.05	0.26
-0.03	0.11	-0.16
-0.05	0.08	0.2
-0.04	-0.1	0.07
-0.04	-0.03	-0.04
-0.03	0.16	0.1
-0.02	0.01	-0.11
-0.03	-0.17	0.25
-0.05	0.15	-0.19
-0.09	-0.09	0.36
-0.04	0.04	-0.31
-0.11	0	0.25
-0.06	0.04	-0.02
-0.08	0	0.03
-0.02	0.05	-0.07
-0.05	0.23	0.21
0	0.22	-0.07
-0.05	-0.01	0.36
-0.04	-0.04	-0.18
-0.05	0.16	0.24
-0.07	-0.1	0.06
-0.07	0.17	0.06
-0.06	-0.14	-0.01
-0.05	0.17	0.15
-0.02	0.08	-0.12
-0.05	-0.15	-0.01
-0.05	0.03	-0.11
-0.06	-0.06	0.1
-0.05	-0.03	0.14
-0.06	0.1	0.18
-0.08	-0.08	-0.03
-0.09	0.02	0.23
-0.06	0	-0.07
-0.08	0.03	0.24
-0.05	0	-0.16
-0.04	0.18	0.33
-0.08	0.1	-0.06
-0.07	0.06	0.2
-0.04	0.24	0.02
-0.06	-0.02	0.29
-0.04	0.1	0
-0.08	-0.15	0.27
-0.07	0.08	-0.19
-0.08	-0.11	0.23
-0.04	-0.17	-0.03
-0.05	0.24	0
-0.07	-0.19	0.16
-0.05	0.11	0.06
-0.05	0	0.15
-0.07	-0.13	0.02
-0.04	0.15	0.15
-0.09	-0.21	0.01
-0.08	0.03	0.23
-0.07	0.11	-0.15
-0.08	-0.17	0.14
-0.08	0.01	0.02
-0.09	-0.1	-0.06
-0.04	0.19	-0.11
-0.07	-0.03	-0.05
-0.03	0.07	0.23
-0.07	-0.09	0.18
-0.06	-0.21	-0.13
-0.03	0.11	0.22
-0.07	-0.06	-0.16
-0.08	-0.03	0.36
-0.01	0.07	-0.26
-0.03	0.08	0.07
-0.07	-0.15	0.02
-0.07	0.39	0.16
-0.05	-0.24	0
0	0.14	0.03
-0.04	-0.1	0.08
-0.07	0.14	0.15
-0.04	0.03	0.03
-0.1	-0.19	0.18
-0.05	0.27	-0.07
-0.09	-0.24	0.09
-0.05	0.19	0.05
-0.05	-0.03	0.06
-0.07	-0.11	0.26
-0.09	0	-0.07
-0.05	0.06	0.18
-0.04	-0.05	0.02
-0.03	0.14	0.2
-0.05	-0.12	-0.1
-0.07	0.04	0.22
-0.07	0.04	-0.04
-0.08	0.05	0.14
-0.05	-0.08	-0.06
-0.04	0.03	0.26
-0.06	-0.12	-0.02
-0.07	0.09	0.04
-0.08	0.12	-0.05
-0.08	-0.11	0.26
-0.03	0.28	-0.1
-0.03	-0.22	0.12
-0.03	0	-0.02
-0.06	-0.03	0.06
-0.05	0.1	0.12
-0.09	-0.2	0.1
-0.06	0.04	0.12
-0.03	-0.14	-0.01
-0.04	-0.21	0.11
-0.01	0.17	-0.03
-0.07	-0.33	0.3
-0.08	0.41	-0.33
-0.08	-0.16	0.27
-0.03	0.06	0.02
-0.04	0.03	0.11
-0.05	0	-0.13
-0.03	0	0.14
-0.08	-0.15	-0.05
-0.06	0.22	0.09
-0.07	-0.11	-0.14
-0.06	0.12	0.12
-0.08	-0.09	0.21
-0.03	0.08	-0.18
-0.09	0.02	0.23
-0.08	0	-0.03
-0.08	0.09	0.12
-0.05	-0.19	0.12
-0.01	0.2	0.06
-0.06	0.13	0.23
-0.07	-0.17	0.02
-0.07	0.17	-0.06
-0.06	0	0.12
-0.05	-0.21	0.06
-0.08	0.11	0.1
-0.07	-0.18	-0.04
-0.07	0.12	0.22
-0.02	-0.12	-0.07
-0.03	-0.1	0.18
-0.02	-0.01	0.08
-0.08	0.09	0.01
-0.1	-0.37	0
-0.07	0.19	0.25
-0.06	-0.2	-0.24
-0.06	0.04	0.26
-0.06	0.13	-0.11
-0.04	0.01	0.15
-0.05	-0.23	-0.09
0	0.15	0.27
-0.03	-0.24	-0.36
-0.03	0.05	0.58
-0.06	-0.14	-0.52
-0.04	0.12	0.5
-0.08	-0.24	-0.28
-0.01	0.45	0.28
-0.1	-0.35	-0.32
-0.03	0.27	0.45
-0.08	-0.16	-0.42
-0.05	0.27	0.45
-0.03	-0.25	-0.43
-0.04	0.33	0.63
-0.04	-0.21	-0.43
-0.07	0.08	0.54
0	0.29	-0.43
-0.1	-0.27	0.43
-0.05	0.25	-0.32
-0.06	-0.15	0.18
-0.07	0.25	-0.09
-0.06	-0.23	0.12
-0.05	0.24	0.08
-0.08	-0.23	0.1
-0.04	0.13	0.11
-0.04	0.07	-0.04
-0.06	-0.17	0.35
-0.03	0.42	-0.14
-0.1	-0.19	0
-0.03	0	0.06
-0.09	0.1	-0.13
-0.05	-0.12	0.35
-0.03	0.14	-0.03
-0.05	-0.06	0.2
-0.03	0.14	0.05
-0.08	-0.11	0.09
0.02	0.03	0.15
-0.06	0	0.14
-0.07	0.03	-0.01
-0.08	-0.07	0
-0.02	-0.05	0.15
-0.06	0	0
-0.06	0.11	-0.07
-0.1	-0.15	0.23
-0.04	0	-0.15
-0.06	-0.08	0.06
-0.04	-0.09	0.04
-0.08	0	0.06
-0.08	-0.04	0.21
-0.07	0.05	-0.07
-0.08	0	0.18
-0.04	-0.06	0.05
-0.07	0.05	0.21
-0.03	0.04	-0.06
-0.06	-0.04	0.29
-0.04	0.01	-0.02
-0.06	-0.04	0.18
-0.08	-0.04	0.1
-0.05	-0.02	0.03
-0.09	-0.04	0.11
-0.03	0	0.09
-0.05	0.09	0.17
-0.05	0.12	0.15
-0.07	0.03	-0.03
-0.05	0.12	0.31
-0.08	-0.06	-0.02
-0.02	-0.05	-0.03
-0.08	-0.08	0.07
-0.05	0	0.15
-0.07	-0.05	-0.29
-0.03	-0.03	0.36
-0.05	0.1	-0.11
-0.05	-0.05	0.24
-0.05	-0.09	-0.07
-0.07	0.12	0.1
-0.02	-0.24	0
-0.03	0.03	0.08
-0.04	-0.01	0.08
-0.05	-0.27	0.21
-0.05	0.24	-0.08
-0.08	-0.35	0.1
-0.05	0.25	-0.09
-0.08	0.1	0.14
-0.07	-0.09	0.03
-0.05	0.21	-0.19
-0.09	-0.25	0.32
-0.04	-0.09	-0.16
-0.06	0.1	0.05
-0.05	0.04	0.18
-0.02	-0.06	-0.14
-0.1	0.09	0.18
-0.06	-0.33	-0.08
-0.04	0.01	0.2
-0.04	0.14	0.03
-0.03	0	0.11
-0.08	-0.08	0.09
-0.04	0.13	-0.05
-0.08	-0.13	0.29
-0.06	-0.03	-0.14
-0.06	0.05	0.29
-0.07	-0.11	-0.15
-0.06	0.15	0.2
-0.05	-0.22	-0.15
-0.06	0.02	0.22
-0.1	-0.17	-0.07
-0.04	0.11	0.27
-0.05	-0.08	0.01
-0.07	-0.09	0.22
-0.05	0.01	-0.02
-0.06	-0.03	0.06
-0.08	-0.04	0.15
-0.08	0	0.07
-0.06	-0.1	0
-0.05	0.05	0.24
-0.07	-0.16	-0.05
-0.08	-0.08	0.17
-0.03	0.01	0.04
-0.07	-0.02	0.16
-0.09	0.02	0.14
-0.09	0.07	0.03
-0.06	-0.1	0.15
-0.07	0.02	-0.01
-0.07	0.05	0.26
-0.1	0.02	-0.15
-0.06	-0.01	0.19
-0.08	-0.1	0.04
-0.06	0.06	0.14
-0.07	-0.02	0.1
-0.07	-0.08	0.09
-0.07	0.08	0.06
-0.06	-0.04	0.16
-0.07	-0.06	0.13
-0.09	0.13	0.19
-0.09	0	0.05
-0.06	0.11	0.15
-0.07	0	-0.04
-0.08	0.01	0.12
-0.05	-0.02	-0.03
-0.08	0	0.04
-0.07	-0.04	-0.02
-0.07	-0.07	0.08
-0.05	-0.11	0.06
-0.06	-0.02	-0.04
-0.05	-0.2	0.06
-0.08	-0.03	-0.14
-0.07	-0.12	0.06
-0.01	-0.06	-0.23
-0.03	-0.07	0.1
-0.03	-0.06	-0.32
-0.04	0.02	0.19
-0.05	-0.26	-0.27
-0.06	0.19	0.26
-0.08	-0.25	-0.22
-0.06	-0.03	0.15
-0.05	0.13	-0.23
-0.05	-0.39	0.24
-0.02	0.1	-0.17
-0.05	-0.14	0.05
-0.02	-0.08	0.01
-0.09	0	-0.1
-0.06	-0.2	0.05
-0.04	0.13	0.03
-0.06	-0.28	0.04
-0.02	0	0.07
-0.03	0.02	-0.17
-0.09	-0.03	0.21
0	0	-0.12
-0.05	-0.04	0.1
-0.03	-0.1	0.02
-0.04	-0.1	0.03
-0.06	-0.07	-0.04
-0.06	-0.05	-0.08
-0.07	-0.03	0.07
-0.03	0.01	-0.16
-0.06	-0.04	0.02
-0.02	-0.1	-0.03
-0.05	-0.02	0.01
-0.05	-0.21	-0.03
-0.01	-0.07	0
-0.03	-0.16	0.06
-0.06	0	0.04
-0.05	-0.1	-0.08
-0.04	-0.02	0.09
-0.05	0	-0.12
-0.06	-0.15	-0.12
-0.03	0.06	-0.01
-0.08	-0.17	-0.04
-0.05	0	-0.01
-0.06	-0.16	-0.04
-0.04	-0.18	-0.04
-0.04	-0.06	0.07
-0.04	-0.03	0.03
-0.06	-0.07	0
-0.05	-0.05	0.05
-0.07	-0.08	-0.06
-0.06	0.01	-0.02
-0.05	-0.12	0.17
-0.05	-0.04	-0.15
-0.07	0	0.07
-0.06	-0.06	-0.13
-0.04	-0.05	0.03
-0.04	-0.08	-0.17
-0.05	-0.09	0.06
-0.05	-0.03	-0.02
-0.04	-0.07	0
-0.07	-0.08	-0.02
-0.08	0.01	0.08
-0.06	0.01	-0.05
-0.04	-0.12	0.04
-0.03	0.01	0.01
-0.07	0.15	-0.2
-0.07	-0.11	0.23
-0.05	0.04	-0.04
-0.06	0.04	0.12
-0.04	-0.09	0.02
-0.1	0.25	0.08
-0.07	-0.06	-0.04
-0.08	0.14	0.1
-0.06	0.11	-0.08
-0.06	-0.08	0.2
-0.08	-0.08	-0.09
-0.06	0.09	-0.05
-0.08	-0.2	0.04
-0.05	0.04	0
-0.05	-0.03	0.07
-0.06	0	-0.03
-0.07	0.13	0.12
-0.04	0	-0.22
-0.08	0.14	0.21
-0.05	-0.2	-0.3
-0.08	0.07	0.32
-0.05	0.19	-0.21
-0.06	-0.05	0.26
-0.05	-0.17	0.05
-0.03	0.06	-0.32
-0.05	0.02	0.25
-0.05	0.07	-0.01
-0.04	0.15	-0.15
-0.07	-0.29	0.19
-0.05	0.05	-0.2
-0.09	0	0.1
-0.05	-0.03	-0.13
-0.08	0.15	0.11
-0.04	-0.14	-0.13
-0.06	0.12	-0.23
0.02	0.18	-0.16
-0.1	-0.55	0.09
0.01	0.65	-0.02
-0.14	-0.9	0.14
0	0.47	-0.33
-0.06	-0.48	0.24
-0.02	-0.22	-0.09
-0.03	0.17	-0.07
-0.01	-0.27	0.01
-0.06	0.21	0.12
0.01	-0.09	0.02
-0.02	0.15	0.24
-0.05	-0.07	-0.26
-0.03	0.09	0.43
-0.07	-0.12	-0.26
-0.06	0.09	0.36
-0.04	0.03	-0.39
-0.1	0.1	0.19
-0.09	0.08	-0.12
0	-0.01	0.13
-0.03	-0.08	-0.09
-0.03	0.04	0.17
-0.02	0.21	-0.12
-0.08	-0.03	0.14
-0.04	0.06	-0.01
-0.03	0.02	0.05
-0.06	-0.01	-0.03
-0.06	0.22	0.08
0	0.18	-0.14
-0.03	-0.01	0.03
-0.01	-0.01	0.08
-0.06	0.01	-0.04
-0.09	0.02	0.03
-0.05	0.2	-0.12
-0.07	-0.04	0.14
-0.04	0.04	0.11
-0.07	0.13	-0.02
-0.09	0.15	0.23
-0.03	0.03	-0.29
-0.06	0.05	0.3
-0.02	0.24	-0.02
-0.1	-0.06	0
-0.08	0.09	-0.07
-0.01	0.1	0.15
0.01	-0.05	0.04
0.01	0.1	0.05
0.01	-0.01	-0.24
-0.05	-0.05	0
-0.04	-0.02	0.16
-0.04	0.36	0.1
-0.04	0.03	-0.36
-0.04	-0.2	0.18
-0.05	0.4	-0.04
-0.03	-0.11	0.01
-0.04	0.29	-0.14
-0.1	-0.33	0.39
0	0.41	-0.64
-0.06	-0.01	-0.05
0	-0.11	0.16
0	0.07	0.23
-0.07	-0.04	-0.11
-0.03	0.18	0.08
-0.01	-0.2	-0.22
-0.03	0.25	0.34
26.23	-1.06	-1.97
30.01	3.02	-3.75
30.37	6.15	-0.09
30.4	0.88	-3.58
30.47	3.82	0.28
30.5	2.99	-1.34
-12.56	-5.57	-5.54
-22.85	-4.21	-12.51
-21.58	2.45	-9.22
-20.91	3.66	-3.58
-19.41	3.65	-2.62
-17.97	3.82	-2.75
-16.6	4.74	-5.25
-15.1	2.49	-9.07
-14.07	-4.5	-5.44
-13.67	-1.37	2.61
-12.81	6.44	-3.29
-11.6	-4.07	-6.55
-11.47	2.38	4.26
-10.29	1.08	-8.39
-10.12	-0.2	5.16
-8.96	1.35	-8.63
-8.87	1.88	6.07
-7.69	-2.66	-7.94
-7.53	8.01	2.95
-6.6	-7.13	0.79
-5.69	5.46	-8.33
-5.44	4.85	7.23
-4.18	-8.1	-1.43
-3.3	5.51	-9.03
-2.84	7.44	6.53
-1.66	-7.78	3.25
-0.46	-0.48	-10.18
0.07	10.72	0.59
0.79	-2.34	8.3
-3.1	-7.38	-9.8
9.2	-3.46	-30.72
-27.42	-13.47	-3.36
8.8	-12.65	2.46
12.76	11.3	4.89
-7.99	0.38	4.9
-3.62	7.38	-1.01
5.39	2.38	-3.35
0.33	5.93	-3
0.75	-0.79	-4.4
-2.08	-1.7	0.94
3.13	3.73	-1.2
-3.59	2.19	2.7
-2.09	3.53	-0.23
2.91	3.11	-11.03
10.46	-5.15	-4.18
-4.23	3.31	-2.86
6.17	1.94	-1.15
8.57	0.64	-0.39
1.09	-2.06	-9.27
-6.22	-1.73	0.95
5.03	3.37	-4.45
-13.73	4.28	5.44
-4.1	-5.52	3.29
-0.16	-5.85	-4.64
6.12	3.97	-2.88
-1.69	1.14	5.94
2.32	1.39	0.75
2.35	-2.51	-0.67
6.84	-20.51	8.72
2.33	-13.15	-0.91
4.75	2.22	-4.06
6.27	-4.02	-2.59
5.42	5.18	-13.87
5.79	0.87	-4.8
3.41	-5.23	1.12
2.59	7.56	4.17
-5.52	5.46	2.26
-0.52	3.76	-3.37
1.88	1.51	-6.21
-4.02	3.16	0.63
-3.87	1.88	-4.1
3.25	3	-7.52
-0.09	0.09	0.13
1.15	-7.67	-10.08
7.94	3.99	-4
0.6	0.76	0.43
-2.61	6.61	-2.21
4.26	-4.95	2.95
-0.41	-6.73	-7.48
0.62	-4.65	-1.83
1.96	-1.21	-4.12
8.55	2.21	-3.07
0	1.68	-0.73
8.52	0.28	-0.66
11.56	10.46	-0.05
3.01	0.36	-1.28
4.91	1.62	0.5
-1.88	1.3	3.8
4.68	-4.38	-0.8
-5.29	-9.19	5.72
-2.61	0.58	3.9
0.44	-4.54	-6.39
-1.38	3.16	0.8
4.19	-9.23	-1.89
3.35	-3.82	-1.79
6.61	-8.39	-0.31
0.88	3.09	-1.94
-3.77	-7.94	2.1
-6.68	-1.25	-12.61
-1.45	-1.3	1.93
-4.77	1.99	0.38
2.79	1.4	0.86
1.56	0.33	1.76
-3.91	1.8	-9.75
-4.3	-9.91	-4.64
5.91	-0.13	-3.78
-1.53	3.96	-3.59
-6.69	3.63	2.3
4.51	-1.18	2.68
8.11	4.64	-2.45
-0.26	0.73	-11.6
2.18	1.73	-6.31
1.7	-0.19	-1.7
5.59	1.3	2.66
-2.72	-4.96	-4.22
-4.23	-3.22	0.99
0	1.36	4.15
-0.53	-0.61	0.62
-0.75	0.51	5
-1.1	-0.42	-1.75
0.53	0.54	-2.59
-7.22	-4.25	-4.49
1.08	-0.55	1.29
-6.9	-7.24	5.47
5.14	0	0.41
-1.53	4.34	3.91
-11.45	-8.24	-5.77
-3.22	-5.74	-3.9
1.05	4.05	-7.38
-0.42	8.01	-0.32
-5.36	-1.46	10.23
-2.15	-2.63	11.48
6	-0.61	-1.05
2.91	3.08	1.74
-9.48	4.26	5.2
6.23	5.59	-2.3
1.68	6.72	-3.13
2.09	5.96	-1.24
4.3	1.41	-1.65
-1.39	1.15	-1.28
4.84	-4.31	1.63
1.79	5.95	-3.22
0.04	4.45	-3.82
1.1	2.15	-4.03
-16.44	2.18	-7.96
-3.75	16.81	-4.5
-3.17	-1	1.82
8.51	-2.74	-2.89
-5.33	2	-2.54
2.88	0.7	-2.19
0.24	2.29	-2.55
-0.9	0.25	0.63
-6.79	-0.05	1.21
2.66	0.26	3.36
-5.6	1.82	-0.8
0.99	-2.31	-3.25
-1.15	-2.59	-1.17
0.51	2.74	-3.39
-0.08	6.41	1.03
-0.75	1.54	4.11
2.1	-0.01	2.48
-1.47	-1.16	0.13
-1.08	0.54	0
2.54	-0.34	-2.02
0.18	-1.26	-0.08
-0.63	0.21	1.44
-0.07	-5.24	8.37
-0.78	2.42	-2.28
-8.41	-6.53	0.46
-4.82	-0.63	3.26
-22.69	1.72	-6.59
-1.76	-0.24	9.26
-6.62	-0.93	-0.75
-4.7	-1.6	-3.21
1.44	-8.87	-0.09
-11.26	-6.03	4.27
-3.28	5.61	11.6
-2.22	-8.39	3.06
-1.33	-2.29	7.39
6.57	3.52	-8.14
16.39	-8.26	7.91
-10.31	-11.24	-3.35
-4.89	9.77	-5.79
-1.18	8.02	6.1
-0.83	0.28	-5.9
2.65	7.16	-14.29
-6.5	5.32	16.49
3.8	2.97	-20.68
6.55	-1.57	-8.48
-8.17	2.36	-5.13
18.25	-0.49	5.96
-11.41	0.05	7.89
-12.83	-0.99	0.18
2.08	-34.39	7.17
15.73	20.3	-23.87
-7.91	-1.07	-5.04
-9.98	5.89	-0.15
-20.54	-7.85	0.37
-1.39	8.32	6.36
-2.74	7.42	3.87
-0.36	-0.05	-1.31
-0.23	0.67	-0.75
-0.16	0.67	-0.78
-0.26	0.03	-0.05
-0.17	0.04	-0.07
-0.13	0.03	-0.04
-0.13	0.03	-0.1
-0.11	0.04	-0.05
-0.13	0.06	-0.06
-0.12	0.03	-0.04
-0.14	0.05	-0.06
-0.11	0.04	-0.07
-0.12	0.02	-0.09
-0.12	0.05	-0.07
-0.11	0.04	-0.07
-0.11	0.03	-0.07
-0.1	0.03	-0.05
-0.13	0.04	-0.05
-0.13	0.03	-0.04
-0.11	0.04	-0.04
-0.12	0.05	-0.07
-0.12	0.06	-0.06
-0.13	0.05	-0.05
-0.11	0.03	-0.05
-0.12	0.03	-0.04
-0.11	0.05	-0.07
-0.13	0.05	-0.08
-0.11	0.06	-0.06
-0.11	0.04	-0.06
-0.12	0.04	-0.08
-0.13	0.03	-0.08
-0.11	0.05	-0.04
-0.12	0.04	-0.05
-0.11	0.02	-0.05
-0.11	0.03	-0.09
-0.11	0.06	-0.06
-0.12	0.04	-0.06
-0.11	0.06	-0.09
-0.11	0.08	-0.06
-0.11	0.06	-0.07
-0.13	0.04	-0.06
-0.11	0.04	-0.04
-0.13	0.04	-0.07
-0.12	0.05	-0.06
-0.1	0.03	-0.05
-0.11	0.06	-0.06
-0.11	0.04	-0.04
-0.12	0.05	-0.05
-0.12	0.07	-0.06
-0.13	0.06	-0.07
-0.13	0.06	-0.06
-0.13	0.04	-0.05
3.12	-5.6	-8.43
-10.25	4.67	-17.36
3.35	7.7	19.84
2.8	3.6	9.68
-3.17	-2.77	-8.64
-3.77	2.74	10.47
-7.9	-2.67	-8.08
0	13.67	-17.7
-1.57	8.12	16.36
-1.48	8.24	7.11
-4.3	3.58	-7.79
0.12	10.5	2.76
-1.87	11.58	-17.32
7.03	9.11	-7.53
7.57	17.41	-14.95
5.24	7.76	4.6
5.78	7.23	-0.33
7.26	-1.43	8.52
6.3	-5.13	-6.8
-3.05	3.09	10.86
0.99	-9.9	-11.81
-7.97	8.48	9.42
-9.52	7.59	-2.98
-3.57	-6.27	-0.8
-5.58	-10.35	-16.26
-12.66	5.81	-0.96
-17.9	6.81	1.08
-8.02	-3.91	0.5
-6.83	-4.45	9.21
-13.66	-5.4	6.02
-5.49	-0.11	-11.3
-21.38	4.34	-13.33
-9.6	17.5	3.51
-6.38	2.22	-4.73
-14.28	-4.77	26.71
-15.43	-4.31	4.97
-9.33	-7.77	-15.87
-10.02	-1.55	-7.41
-6.64	8.36	-5.21
-24.25	-6.71	-9.98
-7	-0.33	10.32
-6.92	-6.4	5.73
-6.41	-1.37	-11.18
-20.29	1.63	-20
-19.21	-13.37	-14.39
0.58	3.74	4.95
-18.61	0.57	-11.64
1.29	7.19	-9.76
12.88	5.7	-12.23
-20.24	-14.1	-2.88
-11.68	-6.41	-4.49
-10.95	-3.23	-7.71
-7.25	3.18	18.26
-4.41	12.36	-3.85
-3.56	-6.48	-14.1
-8.52	3.45	-12.46
-7.43	-7.94	-15.37
-23.1	-12.73	-6.77
3.46	2.49	9.36
-6.53	-3.41	-1.48
-14.09	-14.2	-13.42
-8.97	-2.97	3.52
-5.64	-1.27	6.05
-9.24	-2.41	3.77
-5.52	0.23	2.2
-10.51	2.51	5.14
4.86	4.74	2.05
-13.06	3.21	5.03
9.03	3.11	9.79
-9.04	0.11	1.84
-11.14	-8.38	-1.95
-4.06	-1.76	-7.54
-11.24	4.84	-10.58
-2.68	-2.69	0.38
-0.6	7.36	2.34
-6.72	-2.04	-2.8
-0.61	1.04	0.14
-0.48	1	0.44
-0.08	0.01	-0.26
-0.04	-0.01	0.04
-0.22	-0.32	-0.52
-0.11	-0.37	-0.08
-0.07	-0.31	-0.14
0	-0.33	-0.13
0	-0.35	-0.17
-0.02	-0.21	-0.12
-0.02	-0.26	-0.18
-0.13	-0.55	-0.38
0	-0.19	-0.34
0	-0.36	-0.16
0.06	-0.28	-0.1
0.08	-0.21	-0.2
0.08	-0.06	-0.05
-10.95	-0.2	14.61
2.02	1.25	-3.39
5.72	2.14	0.66
-0.18	-1.05	0.94
-0.03	-0.83	0.08
-0.08	-1.11	0.41
1.06	-0.9	-1.84
-8.09	3.17	-0.74
-3.89	3.55	-12.48
-0.94	2.91	-7.14
0.33	3.64	2.4
-4.69	-4.56	0.08
9.54	-6.03	-3.68
2.9	-3.66	1.41
-6.21	4.17	5.82
-6.35	1.64	1.42
1.87	-1.76	0.94
0.14	6.23	-6.59
17.19	8.01	9.38
2.85	-0.81	0.66
3.46	-0.85	-0.35
0.1	-0.57	0.02
0.07	-0.55	0.08
0.05	-0.57	0.1
0.05	-0.52	0.1
0.03	-0.55	0.11
0.06	-0.57	0.09
0.06	-0.55	0.09
0.05	-0.56	0.12
0.05	-0.54	0.08
0.06	-0.53	0.09
-0.36	-0.56	0.1
0.06	-0.54	0.09
1.14	-0.55	0.08
0.08	-0.57	0.09
0.06	-0.56	0.09
0.07	-0.56	0.09
0.06	-0.54	0.12
0.06	-0.54	0.11
0.05	-0.56	0.1
0.08	-0.55	0.09
-8.41	-0.93	-1.19
-12.03	4.78	-2.43
-0.7	-7.49	1.87
0.19	-2.74	-10.72
-25.01	25.45	-29.13
1.17	-1.75	-5.81
-1.97	-37.08	-13.61
19.77	22.26	-0.21
-0.69	-1.53	-17.02
-11.22	-9.83	-8.2
4.43	4.76	-5.71
-3.65	-5.51	0.02
-16.09	-15.87	9.92
3.89	2.13	-9.36
8.93	5.98	2.16
3.49	-14.65	2.14
3.21	-2.79	2.51
7.54	1.04	2.18
4.16	5.27	7.06
17.07	-15.78	-23.07
-6.81	-2.21	18.32
4.03	20.31	8.08
-1.33	-0.25	1.23
2.65	19.68	-6.34
6.36	-6.64	5.27
2.49	-7.72	-2.26
6.5	-6.86	-3.32
2.65	-6.49	-2.94
3.49	3.25	3.45
2.3	-3.09	2.6
1.57	-5.69	-3.28
12.67	-9.26	0.05
23.4	-21.36	2.16
3.59	-8.56	-2.09
-0.83	-3.03	11.84
0.97	-6.48	4.22
-4.26	-5.31	-8.61
7.59	-10.38	-2.05
-1.32	-2.37	-10.51
0.83	-5.36	4.68
37.03	19.56	-2.37
1.66	-1.84	-6.65
23.54	39.05	28.55
36.82	19.71	21.33
15.36	-8.4	-7.17
8.55	-14.74	-4.15
7.38	0.37	4.65
-0.56	8.79	-1.02
8.07	-3.85	-0.81
9.89	-11.3	10.87
8.69	-2.65	-3.55
13.35	3.19	22.17
7.62	-5.14	5.85
3.95	-3	-5.63
-4.11	2.08	2.26
6.82	-1.75	-4.94
-23	6.38	-9.47
6.7	-3.25	-0.7
2.53	-6.96	7.6
10.43	2.52	-5.49
-0.62	0	-4.9
5.99	-5.2	4.98
8.08	-27.79	-9.22
9.54	-9.53	-4.83
9.02	-9.51	-4.68
4.63	-3.65	-1.45
0.34	-0.5	-0.11
0.15	-0.41	0.1
0.11	-0.45	0.09
0.12	-0.41	0.11
0.12	-0.41	0.1
0.11	-0.4	0.13
0.1	-0.4	0.12
0.1	-0.43	0.09
0.1	-0.4	0.09
0.13	-0.41	0.12
0.12	-0.41	0.11
-1.4	3.76	-8.72
-2.37	-11.24	-1.53
0.12	7.92	3.13
3.32	6.55	5.33
1.5	-2.31	0.34
0.31	-0.55	-0.91
0.09	-0.44	-0.93
-0.04	-0.18	-0.4
-0.04	-0.16	-0.42
-0.02	-0.2	-0.41
-0.02	-0.17	-0.43
-0.02	-0.14	-0.44
-0.03	-0.2	-0.42
-0.02	-0.12	-0.43
-0.02	-0.16	-0.41
-0.02	-0.15	-0.44
-0.02	-0.18	-0.41
-0.02	-0.15	-0.41
-0.03	-0.14	-0.42
-0.02	-0.17	-0.43
-0.05	-0.16	-0.41
-0.04	-0.15	-0.39
-0.03	-0.17	-0.41
-0.04	-0.15	-0.4
-0.02	-0.1	-0.5
-0.02	-0.24	-0.35
-0.03	-0.43	-0.4
0	-0.37	-0.48
-0.02	-0.17	-0.67
0	-0.38	-0.47
-0.03	-0.42	-0.4
-0.02	-0.35	-0.46
-0.01	-0.35	-0.46
-0.02	-0.38	-0.5
-0.03	-0.41	-0.44
-0.03	-0.41	-0.43
-0.01	-0.4	-0.43
-0.01	-0.36	-0.48
0	-0.42	-0.44
-0.02	-0.39	-0.43
-0.01	-0.4	-0.46
-0.02	-0.41	-0.45
-0.02	-0.42	-0.44
-0.02	-0.41	-0.46
-0.01	-0.39	-0.49
-0.01	-0.4	-0.42
-0.03	-0.38	-0.47
-0.02	-0.41	-0.44
0.01	-0.46	-0.41
-0.03	-0.39	-0.45
-0.03	-0.4	-0.37
-0.02	-0.11	-0.59
-0.01	-0.24	-0.35
-0.03	-0.26	-0.37
-0.01	-0.27	-0.37
-0.03	-0.26	-0.38
-0.03	-0.27	-0.38
-0.03	-0.25	-0.38
-0.03	-0.27	-0.36
-0.03	-0.27	-0.36
-0.03	-0.25	-0.36
-0.01	-0.27	-0.35
-0.03	-0.27	-0.36
-0.01	-0.28	-0.35
-0.02	-0.3	-0.38
-0.04	-0.29	-0.38
-0.04	-0.23	-0.37
-0.03	-0.32	-0.35
-0.02	-0.28	-0.35
-0.04	-0.27	-0.38
-0.03	-0.31	-0.36
-0.03	-0.31	-0.34
-0.04	-0.27	-0.34
-0.03	-0.31	-0.34
-0.03	-0.27	-0.38
-0.01	-0.28	-0.34
-0.04	-0.29	-0.36
-0.02	-0.3	-0.35
-0.02	-0.29	-0.34
-0.03	-0.31	-0.38
-0.04	-0.29	-0.35
-0.03	-0.29	-0.34
-0.02	-0.27	-0.34
-0.03	-0.24	-0.35
-0.01	-0.22	-0.37
-0.02	-0.19	-0.37
-0.04	-0.21	-0.39
-0.03	-0.23	-0.36
-0.04	-0.24	-0.35
-0.05	-0.21	-0.39
-0.02	-0.21	-0.37
-0.02	-0.21	-0.38
-0.02	-0.22	-0.38
-0.02	-0.23	-0.4
-0.01	-0.24	-0.36
-0.03	-0.27	-0.34
-0.02	-0.25	-0.36
-0.03	-0.24	-0.37
-0.01	-0.23	-0.39
-0.02	-0.24	-0.36
-0.04	-0.27	-0.34
0	-0.23	-0.37
-0.02	-0.24	-0.36
-0.03	-0.25	-0.37
-0.02	-0.23	-0.39
-0.02	-0.26	-0.36
-0.03	-0.23	-0.38
-0.01	-0.23	-0.38
-0.01	-0.23	-0.37
-0.02	-0.24	-0.37
0	-0.23	-0.38
-0.02	-0.24	-0.38
-0.03	-0.23	-0.39
-0.02	-0.22	-0.37
-0.02	-0.24	-0.36
-0.04	-0.21	-0.4
-0.01	-0.23	-0.38
0	-0.23	-0.4
-0.02	-0.22	-0.36
-0.03	-0.27	-0.38
-0.02	-0.24	-0.38
-0.01	-0.22	-0.36
-0.01	-0.22	-0.37
-0.02	-0.19	-0.39
-0.01	-0.22	-0.39
0	-0.21	-0.42
-0.03	-0.19	-0.37
0	-0.2	-0.39
-0.02	-0.22	-0.37
0	-0.18	-0.41
-0.01	-0.19	-0.4
-0.01	-0.22	-0.38
-0.01	-0.18	-0.42
0	-0.17	-0.42
0	-0.18	-0.43
-0.01	-0.16	-0.4
0	-0.16	-0.41
0	-0.16	-0.41
0.01	-0.15	-0.4
0	-0.19	-0.43
0	-0.14	-0.41
0	-0.15	-0.4
0.01	-0.16	-0.42
0	-0.15	-0.41
0	-0.18	-0.44
0.01	-0.14	-0.42
0	-0.15	-0.43
0	-0.16	-0.41
0	-0.17	-0.43
0.01	-0.17	-0.41
0	-0.16	-0.4
0.01	-0.17	-0.41
0	-0.17	-0.41
0	-0.17	-0.43
0	-0.17	-0.39
0	-0.16	-0.39
0	-0.19	-0.39
0.01	-0.17	-0.44
0	-0.14	-0.41
0	-0.15	-0.4
0.01	-0.2	-0.4
0	-0.18	-0.41
0.01	-0.18	-0.43
0.01	-0.16	-0.45
-0.01	-0.14	-0.39
0	-0.19	-0.4
0	-0.17	-0.4
0	-0.17	-0.41
0	-0.19	-0.38
0.01	-0.15	-0.4
0	-0.15	-0.4
0	-0.16	-0.41
-0.01	-0.16	-0.4
0	-0.17	-0.38
-0.01	-0.18	-0.39
0	-0.17	-0.41
0	-0.18	-0.38
0	-0.17	-0.4
0	-0.17	-0.43
0	-0.19	-0.4
0.01	-0.17	-0.41
0	-0.17	-0.41
0.02	-0.15	-0.4
0	-0.19	-0.41
0	-0.14	-0.43
0	-0.17	-0.43
0	-0.16	-0.41
0	-0.11	-0.42
0	-0.16	-0.38
-0.01	-0.17	-0.41
0.02	-0.18	-0.39
0.01	-0.2	-0.38
0	-0.19	-0.38
-0.01	-0.18	-0.41
0	-0.18	-0.4
0	-0.17	-0.43
0.01	-0.17	-0.4
0	-0.17	-0.41
0	-0.19	-0.39
0	-0.16	-0.43
0	-0.17	-0.42
0.01	-0.13	-0.4
0.01	-0.19	-0.41
0.01	-0.16	-0.39
0.01	-0.15	-0.43
0.01	-0.16	-0.39
0.01	-0.14	-0.41
0	-0.16	-0.4
0	-0.17	-0.4
0	-0.17	-0.39
0	-0.15	-0.41
0	-0.14	-0.4
0.02	-0.17	-0.39
0.01	-0.18	-0.42
0	-0.17	-0.39
0.01	-0.14	-0.41
0	-0.13	-0.41
0	-0.14	-0.44
0	-0.19	-0.39
0	-0.12	-0.43
0.01	-0.14	-0.39
0.01	-0.14	-0.43
0	-0.12	-0.42
0.01	-0.12	-0.43
0	-0.11	-0.41
0.02	-0.15	-0.42
0.01	-0.12	-0.45
0.02	-0.15	-0.42
0.01	-0.14	-0.43
0.01	-0.17	-0.41
0.01	-0.17	-0.42
0	-0.16	-0.42
0	-0.17	-0.4
0.01	-0.15	-0.43
0	-0.15	-0.42
0.01	-0.16	-0.43
0.01	-0.16	-0.41
0	-0.17	-0.41
0.02	-0.16	-0.39
0.02	-0.17	-0.41
0.01	-0.16	-0.43
0	-0.15	-0.41
0	-0.17	-0.42
0.01	-0.17	-0.4
-0.01	-0.2	-0.41
0.01	-0.15	-0.44
0.01	-0.15	-0.44
0.01	-0.16	-0.4
0	-0.13	-0.43
0.01	-0.19	-0.42
0	-0.16	-0.46
0.01	-0.16	-0.41
0	-0.15	-0.43
0.01	-0.16	-0.42
0	-0.17	-0.41
0	-0.13	-0.41
0.01	-0.16	-0.4
0.01	-0.13	-0.43
0.01	-0.16	-0.43
0.03	-0.17	-0.43
0.02	-0.13	-0.41
0.02	-0.17	-0.39
0	-0.17	-0.41
0.02	-0.17	-0.43
0.02	-0.15	-0.45
0.01	-0.14	-0.42
0.01	-0.18	-0.39
0	-0.13	-0.42
0.02	-0.16	-0.43
0	-0.15	-0.43
0.01	-0.18	-0.42
0	-0.14	-0.41
0.03	-0.14	-0.42
0.02	-0.16	-0.43
0	-0.15	-0.4
0.02	-0.15	-0.42
0	-0.17	-0.43
0.01	-0.16	-0.43
0.02	-0.16	-0.42
0.02	-0.15	-0.4
0.01	-0.16	-0.42
0.01	-0.18	-0.41
0	-0.14	-0.44
0.01	-0.15	-0.41
0.01	-0.15	-0.42
0.01	-0.14	-0.43
0.01	-0.15	-0.46
0	-0.17	-0.41
0.02	-0.17	-0.41
0	-0.15	-0.39
0.03	-0.14	-0.44
0	-0.16	-0.44
0.01	-0.15	-0.42
0.02	-0.16	-0.4
0.01	-0.15	-0.42
0.02	-0.16	-0.43
0.03	-0.17	-0.43
0.02	-0.16	-0.43
0.01	-0.16	-0.4
0.02	-0.18	-0.4
0.02	-0.16	-0.4
0.01	-0.15	-0.43
0.01	-0.17	-0.4
0	-0.15	-0.41
0.02	-0.17	-0.42
0.02	-0.15	-0.41
0.01	-0.18	-0.42
0.02	-0.16	-0.41
0.01	-0.17	-0.41
0.01	-0.14	-0.46
0	-0.14	-0.43
0.01	-0.15	-0.4
0.02	-0.16	-0.43
0	-0.15	-0.41
0.02	-0.16	-0.42
0.01	-0.18	-0.39
0.02	-0.19	-0.4
0	-0.17	-0.4
0.03	-0.17	-0.43
0.02	-0.18	-0.42
0.02	-0.15	-0.4
0.03	-0.15	-0.4
0.01	-0.16	-0.43
0.02	-0.17	-0.41
0.02	-0.16	-0.4
0.01	-0.17	-0.43
0	-0.15	-0.4
0.02	-0.14	-0.45
0.01	-0.16	-0.41
0.02	-0.16	-0.4
0.02	-0.17	-0.39
0.01	-0.15	-0.41
0.01	-0.18	-0.45
0.01	-0.18	-0.4
0.02	-0.16	-0.4
0.02	-0.16	-0.41
0	-0.15	-0.41
0	-0.14	-0.42
0.01	-0.17	-0.42
0.02	-0.15	-0.44
0.02	-0.15	-0.43
0	-0.15	-0.42
0.03	-0.16	-0.4
0.01	-0.15	-0.41
0.03	-0.15	-0.4
0.03	-0.15	-0.43
0.03	-0.18	-0.44
0.01	-0.18	-0.41
0.01	-0.17	-0.43
0.01	-0.15	-0.43
0.02	-0.18	-0.41
0.01	-0.19	-0.42
0.02	-0.15	-0.43
0.02	-0.18	-0.41
0.03	-0.15	-0.43
0.01	-0.16	-0.44
0.01	-0.14	-0.43
0.01	-0.16	-0.42
0	-0.21	-0.4
0.02	-0.14	-0.42
0.01	-0.17	-0.4
0.02	-0.17	-0.41
0.01	-0.14	-0.43
0.01	-0.17	-0.41
0.02	-0.17	-0.42
0.01	-0.14	-0.43
0.01	-0.17	-0.41
0.02	-0.17	-0.41
0	-0.16	-0.44
0	-0.18	-0.4
0.02	-0.15	-0.42
0	-0.16	-0.44
0.02	-0.15	-0.42
0.02	-0.16	-0.42
0.01	-0.17	-0.41
0.03	-0.17	-0.41
0.01	-0.18	-0.44
0	-0.15	-0.45
0.03	-0.16	-0.42
0.02	-0.16	-0.41
0.02	-0.15	-0.44
0.02	-0.17	-0.4
0.01	-0.16	-0.44
0.02	-0.18	-0.41
0.01	-0.16	-0.44
0.01	-0.16	-0.43
0.01	-0.17	-0.43
0.01	-0.15	-0.42
0.02	-0.15	-0.4
0.02	-0.17	-0.43
0.02	-0.16	-0.42
0.03	-0.14	-0.41
0.02	-0.17	-0.41
0.01	-0.17	-0.41
0.02	-0.19	-0.42
0	-0.17	-0.44
0.03	-0.16	-0.41
0.03	-0.15	-0.42
0.03	-0.13	-0.44
0.01	-0.15	-0.44
0	-0.15	-0.4
0.03	-0.17	-0.42
0.02	-0.17	-0.42
0.01	-0.14	-0.42
0	-0.15	-0.45
0.02	-0.16	-0.41
0.03	-0.16	-0.42
0.02	-0.17	-0.44
0.03	-0.14	-0.42
0.03	-0.16	-0.43
0.02	-0.18	-0.41
0.01	-0.14	-0.44
0.02	-0.15	-0.41
0.02	-0.17	-0.44
0.01	-0.14	-0.42
0.03	-0.15	-0.45
0.03	-0.17	-0.44
0.01	-0.18	-0.45
0.02	-0.13	-0.43
0.03	-0.16	-0.41
0.02	-0.14	-0.42
0.02	-0.14	-0.39
0.02	-0.17	-0.44
0.01	-0.16	-0.45
0.01	-0.15	-0.43
0.03	-0.15	-0.42
0.03	-0.15	-0.43
0.03	-0.11	-0.45
0.01	-0.15	-0.44
0.02	-0.17	-0.41
0.02	-0.17	-0.42
0.01	-0.14	-0.44
0.02	-0.16	-0.4
0.03	-0.16	-0.4
0.03	-0.16	-0.43
0.02	-0.14	-0.42
0.02	-0.16	-0.44
0.01	-0.16	-0.44
0	-0.14	-0.4
0.02	-0.15	-0.4
0.01	-0.15	-0.42
0.03	-0.17	-0.43
0.02	-0.17	-0.42
0.01	-0.19	-0.4
-0.79	-0.46	0.08
1.52	1.35	-1.18
0.08	-0.44	0.21
0.07	-0.53	1.27
0.02	0.29	-0.04
0	-0.06	-0.03
-0.64	-0.85	1.33
-1.12	-0.88	1.41
0	-1.27	0.67
0.35	0.11	-0.64
2.95	0.04	0.46
0.22	-0.84	0.67
0.02	-0.11	0.07
0.1	0.03	-0.04
0.66	0.7	-1.13
-0.03	-0.35	-0.13
-1.73	-0.88	1.34
-0.07	0.11	0.43
-0.06	-0.31	1.39
0	-0.2	0.82
-0.12	-0.72	0.83
-0.13	0.83	-0.35
-0.23	-1.96	0.26
0.32	0.29	0.12
-0.07	-0.02	0.28
0.29	0.29	0.01
0.18	0.7	-0.04
-0.21	-0.44	0.1
-1.87	-2.1	0.28
-0.21	1.15	-1.37
0.15	0.12	0.57
-0.12	-0.66	0.58
-0.68	-0.74	0.5
-0.1	-0.66	0.44
0.21	-0.67	0.03
-0.77	-0.62	2.1
-0.26	-1.39	0.59
-0.44	-0.28	0.58
-0.26	0.23	1.46
0.25	-0.41	2
-0.15	-0.44	0.16
-0.28	-1.1	0.6
0.08	-0.1	0.16
-0.05	-0.62	0.22
0.33	-0.37	-0.13
0.19	-0.31	-0.12
0.97	-0.66	0.48
0	1.65	-0.73
-0.51	3.87	0.47
-0.1	-0.57	0.5
0.42	-0.67	0.35
0.11	-0.39	0.28
0.01	-0.26	0.13
0.06	-0.25	0.36
0.1	0.22	0.36
-0.63	-0.18	0.25
0.44	-0.42	-0.47
0.11	0.24	0.69
0.04	-0.09	0.14
0.13	-0.15	0.24
0.24	0.17	-0.97
-0.17	0	-0.01
0.47	-2.07	-0.55
-0.67	0.31	0.09
0	0.01	-0.27
-0.21	-0.26	-0.06
-0.18	-0.31	-0.61
0.02	0.08	-0.13
0.02	-0.15	-0.06
-0.15	-0.04	-0.17
0.06	0.16	-0.12
-0.18	-0.1	-0.37
0.03	0.13	0.07
-0.05	-0.29	0.09
-0.35	0.4	-0.2
-0.26	-0.17	0.13
0.04	0.19	-0.53
-0.13	0.12	0.1
-0.4	0.17	0.25
0.08	-0.42	0.2
-0.54	0.18	0.21
0.2	-0.04	-0.37
0.58	0.83	0.75
0.41	-0.24	0.43
0.36	-0.38	1.81
0.74	-0.37	-0.65
0.32	-0.02	-0.43
0.58	-0.29	-0.3
-0.73	0.2	0.18
-0.11	0.37	-0.1
0	0.14	-0.2
0	-0.4	-0.05
0.09	-0.01	-0.08
0.17	-0.25	-0.21
0.04	-0.14	0
-0.26	0.36	0.92
1.28	1.37	-0.09
0.6	-1.47	0.93
0.23	-0.47	-0.55
-0.1	-0.04	-0.09
-0.16	-0.05	0.23
-0.04	0.12	-0.08
-0.03	-0.02	-0.13
0.66	2.62	-1.47
0.12	-0.97	0.43
-0.27	0	-0.28
-0.6	3.77	-1.7
-0.79	-1.95	-0.32
-0.32	0.51	-0.7
0.09	0.19	-0.81
0.36	-0.57	-0.02
0.38	-1.34	-0.54
-0.19	0.38	-0.02
0.01	-0.07	0.06
0.19	-0.12	0.08
0.01	0.11	-0.19
-0.04	0.02	-0.06
0.03	-0.23	0
0	-0.34	-0.3
-0.04	0.37	0.09
0.47	1.27	1.06
-0.04	-0.38	0.67
0.16	0.12	1.18
0.94	1.06	-2.63
0.42	-0.46	-0.84
0.46	0.55	1.04
0.74	-1.38	0.82
0.4	-0.49	-0.24
0.71	-0.17	0.34
0.4	-0.4	0.58
-0.36	-0.19	0.4
0.61	-1	0.22
1.53	1.43	-1.74
-0.54	0.57	0.95
0.97	0.19	-0.48
-0.03	-0.77	-0.37
-0.11	0.3	-0.38
-0.24	0.57	0.05
-0.67	0.17	-3
-0.19	-0.37	0.12
-0.39	-0.23	1.2
-0.47	-2.76	0.35
-0.47	0.16	-0.01
0.55	-0.06	-0.51
-0.16	-0.35	0
0.17	-0.55	0.74
0.55	0.84	0.38
-0.01	0.31	0.28
-0.33	0.42	0.26
-0.9	-1.4	0.36
0.5	-0.18	-0.53
-0.09	-0.07	-0.02
-0.02	0.31	0.15
-0.06	-0.36	0.68
-0.23	0.56	-0.11
-0.09	0.26	-1.09
0	-1.38	0.17
0.21	-0.29	0.02
0.25	0.23	-0.41
1.08	0.46	0.08
-1.13	-0.71	1.77
-1.57	-2.36	-0.5
-0.66	1.4	0.9
-0.05	-0.34	0.07
-0.17	-0.27	-0.86
1.19	0.32	-1.48
-0.19	-0.6	-0.74
0.48	-0.1	0
-0.05	0.44	-0.04
-0.03	0.14	0.98
0.01	-0.36	0.32
0	-0.13	0.07
-0.12	0	0.05
0.1	-0.3	0.1
-0.14	0.15	-0.08
-0.19	0.54	0.01
-0.08	-0.27	0.25
0.19	0.29	0.01
-0.56	1	-0.3
-0.19	-0.24	-0.29
-0.27	0.24	0.23
-0.14	0.37	-0.21
0.94	-1.58	0.96
-0.08	-0.45	0.14
1.08	0.08	0.1
1.75	-0.37	0.44
0.01	-0.82	0.16
-0.69	-0.14	-0.22
1.79	0.58	-0.07
0.72	0.01	-0.49
-0.62	-0.48	-1.49
0.06	-1.31	0.81
0.07	-0.22	0.23
1.87	-0.04	0.35
0.23	-1.96	-1.14
-0.53	-0.72	0.28
0.49	0.12	0.76
0.22	0.4	0.04
0.74	0.43	1.7
0.57	-0.37	-0.86
-0.47	0.89	-0.88
-0.02	-0.44	0.04
-0.58	-0.05	-0.94
0.03	0.11	-0.01
-0.06	-0.04	-0.11
-0.06	-0.03	-0.23
-0.03	0.51	-0.9
-0.08	0.64	0.77
-0.07	-0.32	-0.17
-0.24	0.14	0.02
-0.12	0.16	0.15
0.86	-0.58	0.17
-0.04	-0.2	-0.21
0.17	-0.24	0.01
0.14	0.64	0.09
-0.2	0.1	0.11
0	-0.3	0.02
-0.12	0.85	1.15
0.86	-0.55	-2.32
-0.02	-0.29	-0.06
0.43	0.59	1.69
0.14	-0.04	0.15
0.05	0.24	0.05
-0.13	0	-0.07
-0.15	0	0.03
0.04	-0.01	-0.08
0.05	0.12	-0.06
0.15	-0.4	0.96
-0.11	-0.43	0.21
0.02	-0.08	0.19
-0.02	0.03	0.37
-0.32	0.08	0.59
0.53	-0.25	-0.03
-0.01	0.36	-0.12
-0.19	-0.38	0.37
-0.94	-0.24	1.57
-0.46	-0.64	0.16
1.5	0.28	-0.23
-0.34	0.19	-0.35
0.18	0.97	-0.28
-0.99	-0.25	-0.13
-0.53	0	0.89
-0.8	0.65	0.82
-0.33	1.26	-0.11
0.38	1.49	1.79
1.35	-2.63	-4.05
0.31	-1.78	-0.47
0.35	-2.04	0.84
-0.97	-0.41	-0.14
-0.52	0.83	0.61
-0.37	1.36	0.54
0.26	0.05	1.03
-0.16	2.6	1.01
-0.43	-0.61	-0.44
-0.35	0.83	1.24
-0.72	1.62	0.11
0.65	0.85	1.99
0.82	-0.41	-1.03
1.59	-1.55	0.89
2.25	-4.17	-0.57
0.89	-2.23	0.18
0.3	-0.97	-0.08
-0.79	-0.97	0.51
-1.33	0.44	-0.62
-0.59	-0.56	0.32
-1.59	1.26	0.15
-1.61	2.68	0.08
0.38	1.46	0.05
0.72	0.19	-0.23
-0.54	0.59	-0.23
2.11	1.57	-1.1
0.53	1.39	1.64
1.58	0.58	-1.13
1.48	-0.6	2.68
2.16	-2.21	-1.13
1.08	-1.24	1.55
1.74	-1.42	-1.34
-0.18	-2.22	1.45
2.23	-1.34	-0.55
0.87	-3.34	1.02
1.79	-1.29	0.17
0.35	-2.95	1.75
1.14	-3.34	0.96
0.19	-4.23	3.3
2.03	-2.31	-0.71
-1.14	-3.75	2.52
1.76	-1.81	-1.86
2.08	-3.57	2.98
-0.65	-0.48	-0.24
-1.01	-1.01	1.06
-0.45	0.92	0.55
0.07	-1.87	0.91
-0.79	1.57	0.93
-1.94	-0.4	0.29
-1.64	1.73	-0.37
-1.73	-0.24	-0.06
-2.22	1.61	0.66
-2.58	0.76	-0.45
-1.28	1.49	0.38
2.68	2.92	-1.5
2.18	-0.64	1.33
1.92	-1.14	-1.55
3.79	1.35	0.6
1.84	-2.15	-0.47
2.56	0.94	1.29
3.45	-2.64	-0.41
1.91	-2.45	0.93
4.39	0.9	-0.5
3.44	-0.3	2.39
3.83	-1.45	0.26
4.27	-1.45	1.35
3.6	0.42	0.41
1.97	0.42	2.14
1.36	-1.95	-0.48
2.25	-1.45	-0.58
1.32	-0.54	-0.17
-1.24	-1.43	0.1
-2.65	1.22	0.61
-2.56	0.77	1.37
-1.22	1.32	0.16
2.07	2.23	-1.48
2.17	1.16	0.95
2.53	0.69	-1.43
1.7	1.82	0.32
4.81	-0.41	0.25
2.12	-2.33	0.31
2.05	-0.75	-0.01
1.68	-2.51	1.03
1.02	-0.33	-0.14
1.57	-1.99	-0.41
1.74	-0.46	-0.05
2.07	-2.21	-0.03
2.42	-0.95	-0.86
4.64	-0.97	2.14
4.54	0.08	-1.51
2.57	1.1	1.16
5.02	-0.92	-1.51
3.53	-0.41	1.17
4.09	-0.23	-1.1
2.25	-0.82	0.32
2.86	-1.82	-1.61
2.12	-1.95	0.57
1.68	0.04	-0.46
-0.31	-3.78	1.04
1.66	-0.12	-0.34
-1.42	-1.22	0.99
0.37	0.6	-0.08
0.14	-1.93	1.37
-2.18	0.89	0.41
0.67	-2.33	1.56
1.68	0.27	-1.06
5.14	-1.25	1.91
4.76	-1.53	-0.43
3.37	-1.12	2.21
2.57	-1.16	-1.83
3.43	1.11	1.27
0.77	0.12	-0.69
0.23	1.78	1.61
3.68	1.31	-2.5
1.65	1.56	2.72
0.98	0.63	-0.35
-0.75	1.21	0.78
-3.53	1.26	-0.12
-3.24	1.5	0.85
-3.03	1.24	-0.56
-1.67	0.15	0.63
-2.28	0.15	0.5
-3.23	1.93	0.4
-1.84	0.39	0.9
-3.03	0.89	0.12
-2.47	0.85	-0.09
-2.94	2.03	1.19
-2.1	0.71	0.14
-1.96	0.86	0.25
-1.18	-1.37	0.57
-1.76	0.29	0.86
-1.05	-0.77	1.03
-2.67	1.19	-0.29
-1.83	1.03	0.86
-3.22	1.19	0.04
-2.18	2	-1.21
0.32	1.51	0.58
4.83	0.52	-1.19
2.87	0.91	2.57
0.41	0.75	-1.51
3.62	0.13	1.38
2.63	0.84	-1.24
2.49	1.68	1.59
3.64	1.68	-0.65
2.6	1.7	1.08
3.07	0.84	-1.23
1.9	1.89	2
-0.73	0.03	1.09
2.87	1.23	1.48
5.07	0.97	0.23
4.05	-0.67	2.07
5.21	-0.23	1.22
2.3	-1.13	1.36
2.13	-1.39	-0.42
1.78	-3.64	2.01
0.87	-1.44	-1.12
4.1	0.6	2.12
3.4	0.62	-0.32
0	0.7	1.43
2.01	0.83	-0.91
-0.44	2.44	0.08
-2.7	0.73	0.16
-3.24	0.38	-1.99
-2.76	1.73	0.11
-5.06	1.42	-1.07
-2.27	1.58	-2.29
-2.43	0.64	-3.98
-1.85	-0.31	-2.06
-1.35	0.71	-2.33
-1.46	-0.1	-1.54
-1.48	-2.85	-2.11
-1.94	-0.58	-2.41
-1.22	-0.84	-1.82
-1.76	-0.41	-1.96
-1.71	-0.21	-2.05
-2.26	0.72	-0.82
-1.48	-0.97	-2.7
-0.53	-0.08	-0.24
-0.26	-1.41	-0.75
0.06	0.22	0.59
1.12	-3.57	0.44
3.06	0.62	1.74
3.05	-3.91	1.14
1.34	-0.73	-0.04
-0.59	-2.29	2.03
-0.38	-1.9	0.03
-1.16	-0.57	1.38
-0.65	-0.52	1.33
-0.01	0.33	0.37
1.82	-0.43	0.63
1.02	-1.74	2.44
2.95	0.14	-0.16
2.7	-0.84	-0.47
2.86	0	-0.33
4.79	-0.9	-0.2
4.6	-1.35	0.35
5.55	-1.91	-1.4
1.78	0.92	1.81
3.73	0.52	-1.84
0.1	-0.13	0.32
2.46	0.9	-1.5
3.52	-0.02	-0.35
4.09	2.43	-4.57
2.7	1.48	1.68
0.95	-0.33	-0.97
3.2	0.82	-0.05
0.18	0.77	0.45
2.22	1.9	1.03
1.57	2.89	-2.26
0.32	1.83	-3.36
6.85	0.66	-3.29
2.55	-1.94	1.46
2.66	-3.59	2.68
3.63	-0.15	-1.84
4.04	-0.62	-1.43
2.93	-1.57	0.66
2.54	-2.3	-0.89
3.42	-0.65	-2.17
4.32	1.05	-0.94
5.06	2.6	-0.44
3.84	2.99	-1.79
1.13	1.81	-0.1
-1.78	-0.16	2.56
1.33	1.28	1.24
0.88	-0.46	2.99
1.25	1.14	-0.23
0.07	0.11	-2.12
0.97	0.6	0.15
-1.54	0.46	-0.85
0.77	2.09	0.46
-1.02	0.79	0.58
-0.06	1.83	0.58
1.32	0.4	1
-0.95	0.87	0.78
-0.53	0.47	-0.54
-2.03	0.97	1.05
-4.54	0.6	0.03
-4.31	1.68	1.24
-2.55	0.44	0.27
-1.82	0.41	1.43
-2.1	0	0.39
-0.72	0.65	0.34
-2.11	-0.01	0.81
-2.71	1.13	2.41
-1.41	1.08	-0.68
-3.32	-1.3	3.04
-0.14	-0.87	-0.51
-1.93	0.25	1.8
-3.76	1.22	0.8
-3.26	1.52	2.15
-3.09	1.7	0.72
-1.92	-0.21	1.18
-1.33	-1.83	3.44
1.46	-0.72	-0.01
3.52	0.77	-4.17
2.25	1.2	-0.02
2.81	-0.34	-0.87
3.45	-0.29	0.3
2.66	-2.15	1.78
1.28	-1.1	1.64
4.92	-0.78	0.57
3.59	-0.47	-0.02
0.63	0.35	-0.81
-0.61	0.18	0.18
-1.5	0.02	0.61
-1.29	0.42	1.43
-2.99	0.83	0.42
-3.03	0.38	1.68
-2.34	0.54	-0.14
-2.03	0.85	0.57
-2.94	1.26	0.1
-3.42	-0.21	1.59
-1.92	0.81	0.18
-0.79	0.56	0.45
-1.88	0.89	-0.41
-4.01	0.34	1.21
-3.85	1.14	0.83
-0.19	2.38	0.78
-1.16	0.23	-0.14
-0.87	0.83	1.25
-1.6	0.43	-0.18
1.39	0.64	0.11
-1.86	0.37	-1.42
-0.44	-0.11	0.59
-0.98	-0.76	0
-3.25	2.3	2.21
-0.62	-2.2	3.73
0.28	2.04	2.24
6.74	2.3	-5.24
1.25	1.48	-3.79
2.68	-2.1	0.7
1.92	-0.8	0.3
-0.12	1.36	4.17
-0.47	-2.99	-0.48
0.34	0.65	2.42
-2.53	0.54	0.89
-2.81	1.98	1.16
-0.81	-1.79	-0.5
-0.44	0.85	2.82
-1.6	-0.55	-0.08
1.41	0.55	2.11
1.78	2.32	-4.2
-1.17	0.91	1.98
-1.31	1.26	0.49
-0.46	1.09	0.91
-1.74	0.53	-0.78
-0.62	0.06	2.4
0.79	1.67	-1.58
3.12	3.2	-1.15
0.39	0.99	-4.47
0.09	0.17	1.37
2.57	0.08	-0.2
-1.2	-2.7	2.94
1.52	-2.67	4.83
3.67	-3.11	2.93
1.91	-2.27	4.03
1.16	-3.52	1.57
0.14	-1.63	4.63
4.13	-1.22	2.05
3.93	-3.56	2.32
2.57	-3.53	1.7
-0.97	0.03	3.22
2.15	-3.01	1.26
-1.27	0.98	1.9
-1.62	-0.38	1.37
-1.81	0.59	2.74
-3.54	0.86	1.37
-3.47	0.19	4.61
-2.71	-0.4	0.98
-0.85	0.38	3.22
1.7	-2.77	1.06
-1.67	1.43	2.06
3.57	-2.54	2.31
0.35	-0.27	3.37
2.15	-1.49	3.41
-0.71	-1.38	3.63
2.16	-1.12	1.92
-0.48	-1.41	2.97
1.05	-1.84	2.17
-2.32	0.48	2.08
-0.95	-0.73	-0.07
-1.97	0.33	2.16
-3	0.35	-0.28
-1.6	0.99	1.86
-2.87	0.31	2.52
-1.03	0.35	2.1
-1.11	0.56	0.16
4.76	0.18	-1.62
5.33	-1	-2.75
0.11	2.9	-2.84
2.36	-1.9	2.47
2.69	-2.34	2.6
1.9	-0.43	1.92
4.91	-1.33	0.52
0.54	-1.45	2.36
-0.3	-1.23	0.49
-1.95	2.22	2.68
-2.49	-0.24	1.24
-1.39	-0.32	1.22
-3.31	0.89	1.48
-1.42	2.01	2.19
-3.13	-0.2	0.65
-1.69	0.59	2.41
0.39	-1.65	-0.24
-2.24	0.18	2.98
-1.8	-0.03	2.24
-1.79	-0.07	3.8
-1.65	-1.28	1.45
-2.33	0.71	1.82
-3.13	-0.49	1.48
-3.16	1.33	2.39
-3.86	0.72	1.46
-2.93	0.51	1.4
-4.15	-1.24	-0.79
-2.41	-0.08	1.3
0.19	-0.23	2.84
2.82	0.98	2.68
4.04	0.91	-3.61
4.15	-0.24	-5.2
0.39	-1.48	3.97
-2.34	-3.78	1.91
-1.03	-0.15	2.33
-0.8	-1.94	1.31
-3.39	0.87	2.08
-2.22	-0.47	2.59
-3.21	1.04	1.72
-3.01	0.05	-0.28
-0.7	-0.96	1.27
-3.82	2.22	2.31
-2.05	0.2	1.48
-1.98	-0.69	0.19
-2.74	0.07	1.47
-1.18	-0.16	-0.08
-3.4	-0.26	0.91
-3.42	0.82	-0.18
-0.59	-0.59	1.2
-2.22	0.72	0.68
0.69	0.45	0.42
3.84	1.56	-2.02
-0.05	0.37	-1.93
4.81	-1.31	-3.32
2.5	-2.4	-1.46
6.9	-0.47	-3.22
2.14	-0.58	-3.15
2	-0.29	-0.95
3.25	0.34	-2.73
1.74	-0.05	-2.09
1.78	0.73	-0.23
0.79	-0.14	-3.27
1.48	-2.34	1.3
-1.27	-2.56	2.35
-1.22	-1.6	1.67
-1.92	-1.26	-0.23
-3.01	-0.33	1.49
-4.81	0.22	0.27
-3.18	0.43	1.05
-3.77	0.13	1.35
-2.33	0.26	2.7
-0.39	-2.8	-0.16
-0.65	-0.27	3
-1.44	-1.85	0.59
-2.16	0.06	2.8
-1.69	-0.76	1.42
-2.66	1.46	2.41
-2.2	-0.6	0.2
-1.63	0.1	3.38
-2.83	-0.38	2.05
-3.32	0.55	3.53
-1.61	-1.58	0.59
-0.6	-1.24	3.39
0.59	-3.66	0
-1.07	-1.47	3.61
-1.07	-2.04	-0.17
-1.91	0.17	2.2
-1.77	-1.96	1.83
-0.58	-0.31	2.07
-1.18	0.02	-0.55
-0.73	-0.39	1.08
-0.51	-1.94	1.24
1.81	-1.83	-0.6
1.43	-0.55	0.22
0.52	-0.41	0.23
0.92	-0.31	-0.19
1.22	-2.28	0.9
-0.23	-0.84	-0.26
-0.56	-0.02	0.44
-0.09	-0.96	0.85
-0.83	-0.49	-0.94
-1.95	-0.38	0.21
1.2	-0.2	1.74
-0.98	-1.06	1
-1.63	-0.15	-1.58
2.76	-0.05	-0.83
-0.2	-0.27	0.35
1.23	1.82	3.42
0.05	-0.16	-0.41
-0.09	-2.18	-0.05
-1.33	0.11	0.79
0	-0.15	-0.09
0.13	-0.24	0.12
0.1	-0.08	-0.05
-0.04	0.03	-0.06
-0.12	-0.13	-0.01
-0.2	0.08	-0.08
-0.02	0.02	-0.06
0.06	-0.11	0.1
0.07	-0.24	0.22
-0.1	-0.08	0.27
-0.08	0.11	0.03
-0.03	0	-0.25
-0.15	0	0.35
-0.24	-0.02	0.13
0.09	-0.01	0.27
-0.05	0.15	-0.35
0.08	-0.17	0.12
-0.01	-0.23	0.51
0.13	-0.14	0
-0.12	0.23	-0.08
-0.07	-0.17	0.32
-0.08	0.2	0
-0.1	0.1	-0.27
0.09	-0.14	0.28
0.05	0.06	0.18
0.06	-0.18	0.34
-0.16	-0.08	0.14
0.01	0.08	0.01
0.01	-0.04	0.2
-0.16	0.13	0
0.15	-0.36	0.31
-0.53	-0.12	-0.03
-0.05	0.07	-0.18
-0.02	0.17	-0.07
-0.09	0.17	-0.29
-0.02	-0.19	0.38
0.03	-0.12	0.19
-0.13	0	-0.03
0.01	0.05	0.11
0.08	0.07	0.31
0	-0.14	0.14
0.19	-0.08	0.02
-0.12	0.08	0
0.03	0.19	-0.53
-0.24	0.02	0.31
-0.02	0.18	0.49
-0.1	0.03	0.23
0	0.56	-0.68
0.13	0.07	-0.5
0	0.04	-0.14
0.16	-0.16	0.71
-0.27	0.16	0.09
-0.12	0.22	-0.26
-0.2	0.5	-0.42
0.04	0.04	0.22
0.06	-0.14	0.42
-0.15	-0.3	0.76
0.12	-0.18	0.39
0.36	-0.21	0.43
-0.07	0.23	-0.21
-0.12	0	0.31
0	0.11	0.09
-0.09	0.24	-0.49
-0.09	-0.04	0
0.02	-0.1	0.45
0.32	-0.11	0.37
-0.02	0.24	-0.08
-0.03	0	0.08
0.08	-0.12	0.29
-0.09	0.16	-0.03
0.02	0.06	0.17
0.15	0	0.06
-0.18	0.17	0.08
-0.04	0.07	0
0.19	-0.04	0.12
-0.12	-0.1	0.07
-0.18	0.06	0.03
0	0.1	-0.17
-0.13	0.06	0.05
-0.04	0.25	-0.12
0.03	-0.11	0.12
-0.07	0.14	-0.05
0.03	0.02	-0.03
-0.09	0.06	0.02
0.24	0.09	-0.02
-0.05	0.03	0.11
0.02	0.11	-0.14
0.1	-0.21	0.36
0.16	-0.01	-0.11
-0.04	0.1	0.05
0.03	-0.12	0.22
0.11	-0.14	0.31
0.05	0.05	-0.07
0	0.11	-0.03
-0.01	0.14	0.09
-0.12	0.03	0
0.19	0.06	0.09
-0.05	0.15	0.01
-0.03	-0.15	0.23
-0.02	0.08	0.15
0.01	0.04	0.16
0.13	0.16	0
0	-0.02	0.14
-0.17	0.11	0
0	-0.08	0.13
0.07	0.01	0.12
0.09	0.13	-0.02
0.14	-0.15	0.15
0.02	0.06	-0.32
-0.02	-0.09	0.04
-0.01	0.47	-0.69
-0.12	0	0.26
-0.1	0.13	0.11
0.37	0.04	0.08
0.11	-0.12	0.03
0	0.14	-0.09
-0.2	0.2	-0.04
-0.01	0	-0.1
-0.09	0.09	0.05
-0.35	0.11	-0.09
-0.25	-0.2	0.35
-0.26	0.05	0.1
-0.13	0.03	-0.15
0.06	0.03	-0.09
-0.05	0.1	-0.16
0	0.03	0.16
-0.02	-0.01	0.16
-0.07	0.27	-0.17
-0.06	0.13	-0.04
0	0.09	0.17
-0.01	0.02	0.07
0	0.06	0.09
0.43	0.22	-0.05
-0.01	-0.02	0.25
-0.01	0.07	0.08
-0.04	0.02	-0.09
-0.11	-0.01	0.32
-0.08	-0.02	0.1
-0.11	0.23	-0.13
-0.04	-0.07	0.11
0.03	-0.15	0.31
0.43	-0.05	0.12
0.25	-1.03	1.78
0.03	0.21	-0.34
-0.12	0.15	0.06
-0.12	0.23	-0.34
0.14	-0.26	0.38
-0.02	0.13	-0.09
-0.05	0.08	0.05
0	0.03	0.08
0	0.02	0.01
0.03	0.04	-0.08
0.02	-0.08	0.03
0.01	0.01	0.08
-0.02	-0.06	0.04
0.02	0.25	0.24
0.09	0.1	0.11
0.02	0	0.21
0	0.12	-0.08
0	-0.05	0.12
0	0.05	0.07
-0.09	0.02	0.16
0.03	0.01	0.13
0.06	0.1	0.03
0.02	0.06	0.08
-0.02	0.04	0.08
-0.15	0.16	-0.01
0	0.17	-0.04
0.02	0.22	1.24
0.1	-0.28	0.1
-0.71	-0.37	0.16
-0.01	0.07	0.23
-0.07	0.08	0.08
0.05	-0.16	0.1
0.56	-1.83	1.15
0.46	0.25	-0.61
-0.3	0.09	0.08
0.08	-0.4	0.32
0.05	-0.01	0.18
0.25	-0.31	0.13
-0.09	-0.11	0
0.06	-0.41	0.38
0.01	-0.2	0.15
-0.02	0.24	-0.05
0.38	0.2	-0.28
-0.07	-0.11	0.07
0.19	-0.24	0.19
0.04	0.1	0.18
-0.02	0.06	-0.03
0	-0.02	-0.02
0.06	-0.1	-0.02
0.01	-0.27	0.15
-0.02	-0.32	-0.06
-0.2	0.34	-0.12
-0.03	-0.18	0.33
0.23	-0.21	0
0.04	0.01	0.08
0	0.07	-0.04
0	0.09	0
0.09	-0.1	0.08
0.06	0	0.07
0.02	-0.03	-0.03
0.01	0.07	-0.01
-0.16	0	0.13
0.02	-0.32	0.25
-0.13	0.26	0.16
-0.32	0.17	-0.06
-0.36	0.64	0.08
0	-0.46	0.25
0.04	-0.06	0.19
-0.08	-0.14	0.13
0.16	-0.26	-0.26
0.02	0	0.16
0.05	0.05	-0.24
-0.25	0.11	0.39
0.07	0.09	0.01
-0.18	0.36	0.17
0.06	0.07	-0.03
-0.09	0.25	0.17
0.11	-0.29	0.15
-0.03	-0.22	0.34
0	0.13	0.32
0.16	0.16	-0.05
0.03	0.22	-0.15
-0.04	0.14	-0.07
0.07	-0.23	0.14
0.18	-0.05	-0.12
-0.3	0.14	0.23
0.04	-0.27	0.08
0.11	0.04	0.08
-0.02	-0.34	0.22
-0.07	0.01	0.1
-0.06	0.28	0.04
0	-0.05	0.09
0.03	-0.04	0.25
-0.03	0.07	0.11
0.18	0	0.17
0	0.18	-0.15
-0.05	-0.11	0.11
0.61	-1.78	-0.14
0.02	0.1	0
-0.11	-0.27	0.35
-0.03	-0.07	0.04
0.07	0.12	-0.04
-0.03	-0.15	0.21
0.06	-0.05	0.18
0.08	0	0.2
-0.05	-0.08	-0.04
-0.02	-0.14	0.11
0.08	-0.02	0.12
0.04	-0.18	-0.06
-0.01	-0.06	0.13
0.01	0.06	0.01
-0.07	-0.04	0.14
0.31	-0.02	0.04
0.02	-0.04	-0.02
-0.04	-0.08	0
0.03	-0.03	-0.09
0.05	-0.08	0.07
-0.04	0.16	-0.02
0.06	0.12	-0.09
-0.04	-0.03	0.06
0.07	-0.16	0.09
-0.09	0.01	0.15
0.02	-0.07	-0.04
0	-0.08	0.24
-0.01	-0.02	-0.17
0.04	-0.14	-0.07
0.09	-0.11	0.03
0	0.17	0.16
0.1	-0.08	0.06
-0.09	0.12	0.25
0.07	-0.04	0.07
0.11	0.03	-0.17
-0.1	-0.08	0.23
-0.14	0.02	0
-0.03	0.01	0.16
-0.2	0.01	0.09
0.11	0.11	0.08
0.09	-0.15	-0.08
0	-0.17	0.19
-0.13	0.04	0.08
-0.04	-0.11	0.06
0	-0.13	0.01
0.08	-0.21	0.07
-0.04	-0.02	0.1
0	-0.07	0.07
-0.11	-0.2	0.13
0.05	-0.03	0.02
0.03	0.02	0.14
-0.3	0.02	0.12
-0.12	-0.22	0.27
0.02	-0.06	0.15
-0.01	-0.11	0.13
0.04	-0.16	0.14
0	0.05	-0.04
-0.08	-0.08	0.15
-0.01	0.07	0.2
0.02	-0.01	0.14
-0.17	0.16	0.06
-0.01	0.09	0.07
0.12	-0.64	0.3
0	-0.05	0.19
0.01	-0.04	0.03
0	-0.01	0.27
-0.01	-0.06	0.11
-0.03	0.05	0.06
0.07	-0.08	0.1
-0.06	0.05	0.19
0.04	-0.22	0.11
-0.02	0.19	0.02
0.02	-0.02	0.13
0.07	-0.19	0.21
-0.02	-0.02	0.15
-0.02	-0.06	0.31
-0.05	-0.17	0.33
0.06	-0.14	0.1
0	-0.04	0
-0.01	0.01	0.22
0	0.04	0.12
0.02	-0.15	0.2
0	0.08	0.11
-0.03	0.07	0
-0.02	0.04	0.05
0.08	-0.36	0.33
0	-0.05	0.26
0	-0.15	0.15
-0.02	0.04	0.12
-0.04	-0.03	0.22
0.04	-0.04	0.12
0.01	-0.03	0.16
-0.01	0	0.1
0.01	-0.08	0.15
0	0	0.1
-0.08	0.15	0
-0.01	0.08	0.08
-0.08	0.15	0.07
-0.02	-0.01	0.13
-0.03	0.03	0.06
0.05	0.07	0.05
-0.11	0.08	0.1
0.01	0.09	0.11
-0.08	0.04	0.22
0.02	-0.01	0.11
0	0.06	0.04
0.05	0.03	0.07
0.02	-0.1	0.14
0	-0.01	0.13
-0.05	0.06	0.03
-0.06	0.12	0.04
-0.02	0.06	0.17
0	0.07	0.14
-0.02	0.13	0.08
-0.05	0	0.13
0.05	-0.09	0.05
-0.08	0.07	-0.09
0.03	0.02	0.04
-0.56	-0.67	0.56
-0.15	0.05	0.08
-0.02	0.04	0
-0.03	0.11	-0.04
0.04	0.03	0.16
0.02	0.02	0.1
0.05	-0.11	0.18
0	-0.08	0
-0.03	0.06	0.13
0	0	0.05
0.07	-0.05	0.21
0	0.16	-0.06
0.01	-0.16	0.23
-0.05	0.11	0.04
0.01	-0.15	0.12
0	-0.15	0.21
-0.08	-0.1	0.1
-0.06	0	-0.01
0	-0.16	0.3
-0.08	-0.01	0.15
-0.09	0.04	0
0.02	-0.05	0.07
-0.04	0.09	0.08
0	-0.1	0.08
0.03	0.05	0.01
0	0.01	0.2
0.03	0.15	0.09
0.01	0.23	0.02
0.02	-0.07	0.2
-0.02	0	0.17
-0.06	0.12	0.06
0.2	-0.51	0.48
0.11	0.01	0.14
-0.01	-0.12	0.05
-0.05	-0.06	0.09
-0.1	-0.01	0.1
0.08	-0.22	0.18
-0.03	-0.01	0.08
-0.01	-0.04	0.09
-0.11	-0.08	0.07
-0.15	0.39	-0.16
-0.08	-0.03	0.15
0.01	-0.11	0.14
0.02	-0.06	0.14
-0.01	-0.1	0.16
-0.01	-0.02	0.17
0.03	-0.01	0.17
0	0.06	0.11
-0.01	0.02	0.06
0.02	-0.11	0.22
-0.1	0.11	-0.04
0.02	0.03	0.06
0	-0.01	0.08
-0.06	-0.2	0
0.02	1.08	0.81
-0.09	-0.58	-0.67
-0.06	0.35	-0.22
-0.18	0.73	0.27
-0.02	-0.14	0.1
0.27	0.47	0.84
0.02	-0.03	0.09
0	-0.71	-0.67
0.03	-0.3	0.24
0.06	-0.55	0.18
0	0.07	0.65
-0.29	-0.48	-0.52
0.18	0.38	0.08
-0.07	0.19	0.06
-0.01	-0.04	0.04
0.03	-0.14	0.21
0.01	-0.21	0.17
-1.05	-0.4	-0.1
0.02	0.6	-0.09
-0.06	-0.82	-0.13
0	0.28	-0.62
0.07	0.42	-0.1
-0.04	0.29	0.25
0.19	0.33	0.28
-0.11	-0.85	0.01
-0.19	-0.54	0.05
-0.17	0.03	-0.34
0.44	0.33	0.06
0.21	-0.02	0.18
-0.05	0.05	-0.33
-0.04	-0.05	-0.15
0.03	-0.07	0.1
0.09	0.02	-0.1
0.26	0.29	0.14
0	-0.15	-0.17
-0.06	0.4	-0.07
-0.1	0.67	-0.19
0.02	-0.11	-0.01
-0.09	0.08	-0.08
0.07	0.09	-0.01
-0.06	0.01	0.15
0.05	0.02	0.23
0	0.01	0.14
0.07	0.09	-0.26
-0.02	0	-0.23
-0.13	-0.16	-0.27
0.11	-0.18	0.53
-0.01	0.1	-0.3
0.01	-0.45	0.44
0.04	-0.01	0.36
0.29	0.37	0.42
-0.29	-0.01	-0.1
0.02	-0.13	0.06
-0.09	0.28	-0.22
-0.07	0.12	0
0.19	-0.83	0.72
-0.57	-1.74	-0.46
1.17	-2.14	-0.76
0.04	-0.51	0.1
0.08	-0.35	-0.22
0.09	-0.68	0.2
0.12	-0.37	-0.09
0	-0.17	0.18
-0.16	-0.94	0.03
-0.13	-0.37	-0.59
-0.21	-0.68	0.37
0.15	0.32	-0.1
0	-0.61	0.21
0.58	-1.13	1.28
0.12	-0.16	0.06
0.6	-0.06	-0.47
0.11	-0.26	0.39
-0.09	-1.88	0.43
0.02	0.19	0.4
0.45	-1.42	0.53
-0.12	-0.46	1.06
-0.13	-0.63	0.26
0.22	0.29	0.4
0.04	-1.03	0.31
0.33	-0.48	0.24
-0.08	-0.58	0.4
0.15	-0.51	0.33
-0.07	-0.21	0.69
0.2	-0.17	0.58
0.02	-0.24	0.78
0.19	-0.52	0.73
0.13	0	-0.17
0.3	-0.31	0.45
0.13	-0.18	0.11
0.13	-0.19	0.48
-0.03	-0.32	0.77
0.14	-0.18	0.23
0.06	-0.09	0.2
0.29	0.28	-0.43
0.1	-0.18	0.34
0.11	-0.09	0.15
-0.04	-0.39	0.66
0.1	-0.1	0.18
0.16	-0.15	0.41
0.04	-0.22	0.15
0	-0.35	0.58
0.08	-0.4	0.47
-0.1	-0.35	0.43
0.08	-0.23	0.39
0.18	0.01	0.43
0.16	-0.4	0.84
0.04	-0.28	0.47
0.07	-0.2	0.37
0.12	-0.03	0
0.18	-0.2	0.11
0.09	-0.28	0.36
0	-0.26	0.47
-0.03	-0.29	0.44
0.15	0.03	-0.01
0	-0.33	0.55
-0.07	-0.3	0.3
-0.48	-1.25	1.47
-0.06	0.49	0.14
0.01	0.21	0.04
-0.07	-0.02	0.22
-0.05	-0.66	0.02
0.08	-0.72	-0.05
0.03	-0.63	-0.19
-0.1	-0.24	-0.22
0.13	-0.29	0.15
0.09	-0.7	0.79
-0.18	-0.01	-0.02
-0.06	-0.08	-0.13
0.06	0	-0.26
0.03	-0.06	0.6
0	-0.02	-0.08
0	0.1	0.04
0.27	0.13	-0.36
0.07	0.13	-0.1
0	-0.16	0.29
-0.05	0.02	0.1
0.02	0.07	-0.25
0.04	0.12	-0.34
0.02	0.05	-0.17
0.16	0.1	0.33
0.14	-0.21	0.47
-0.09	0.14	-0.14
-0.01	0	-0.03
0	-0.02	0.33
0	0.01	0.04
0	0.07	0.04
-0.1	0.12	-0.07
-0.06	0.06	0.06
0.01	0	-0.01
0.08	0.41	0.16
0.01	0.03	0.15
-0.18	0.04	-0.12
0	0.38	0.01
-0.09	-0.01	0.06
0.03	-0.07	0.01
-0.14	-0.03	0.02
0.05	-0.01	0.22
-0.06	0.61	-0.12
-0.01	0.94	0.49
0.87	1.07	-0.04
0.05	-0.16	-0.67
0.06	-0.43	-0.61
0.16	-0.26	-0.13
-0.02	-0.19	0.03
0.02	0.03	-0.11
0.06	-0.06	-0.11
-0.33	-0.14	-0.61
0.07	-0.14	-0.06
0	-0.18	-0.05
0.27	1.06	0.87
0.17	-0.3	0.22
-0.12	-0.43	0.19
0.05	-0.2	-0.11
-0.06	-0.38	0
-0.02	-0.45	0.05
-0.03	-0.23	-0.13
0.07	-0.41	-0.34
0.19	0.32	-0.06
-0.09	-0.19	0.08
-0.05	-0.25	0.13
-0.01	-0.19	0.03
0.18	-0.08	0.07
-0.09	-0.21	-0.07
-0.04	-0.25	-0.06
0.1	0.07	0.18
0	-0.23	-0.04
0	-0.53	0
-0.05	-0.32	0
-0.01	-0.13	-0.07
0	-0.31	-0.08
0.04	-0.21	0.08
-0.02	-0.39	0.04
0.11	-0.24	0
0.06	-0.15	0.51
-0.07	-0.44	0.19
-0.12	-0.58	-0.13
0.07	-0.39	-0.05
-0.28	-0.82	-0.76
-0.03	-0.34	0.06
0	-0.39	0.1
0.03	-0.11	0
0	-0.27	-0.04
0.02	-0.07	-0.1
0.1	-0.43	0.14
0.17	0.12	-0.06
0.88	1.66	-0.6
0.05	-0.16	0.05
0.03	-0.14	0.17
0	-0.39	-0.02
0	-0.21	0.07
0.01	-0.42	0.09
0.04	-0.14	0.12
0.03	-0.28	0.05
0.04	-0.33	0.05
0.02	-0.14	0.03
0.03	-0.23	0.08
-0.02	-0.45	0.11
0.12	-0.26	0.02
0.14	0.12	-0.05
-0.03	-0.15	-0.02
0	-0.23	0.08
0.66	0.27	-0.03
0.37	0.41	-0.13
-0.1	0.16	-0.11
0.89	0.07	-0.26
-0.48	-0.1	-0.13
0	-0.2	0.25
-0.3	-0.02	-0.22
-0.26	-0.26	-0.13
-0.27	-0.93	-0.01
0.1	0	-0.26
0.03	-0.41	0.03
0.04	-0.38	-0.08
0.27	-0.14	-0.13
-0.06	-0.19	0
-0.16	0.15	-0.27
0.01	-0.21	0.02
-0.16	-0.08	-0.03
0.53	-1.23	-0.27
0.05	-0.34	-0.11
0.33	-0.01	-0.24
0	-0.18	-0.18
0.23	-0.46	0
-0.17	-0.41	-0.07
-0.03	-0.71	0.01
0.17	-0.4	0.02
0.23	-0.26	-0.03
-0.23	-0.58	0.02
0.04	0.05	-0.07
0.29	0.17	-0.13
0.13	0.34	-0.11
0.04	-0.29	0
0.05	-0.27	-0.14
0	-0.37	0.04
-0.15	-0.45	-0.19
-0.15	0.03	-0.21
0.01	-0.11	-0.26
-0.06	-0.26	-0.17
-0.06	0.04	-0.28
-0.06	-0.23	0.02
0.18	-0.09	0.09
-0.27	-0.48	-0.16
0.14	1.89	0.24
0	-0.37	0.68
0.17	-0.19	0.29
-0.19	-0.17	0.08
0.14	0.03	0.19
-0.04	-0.09	0.11
-0.06	-0.48	-0.25
-0.17	-0.12	-0.03
-0.07	-0.3	-0.07
0.04	-0.21	0.1
-0.1	-0.1	-0.02
0.06	0.02	-0.09
-0.11	-0.22	-0.03
-0.04	-0.07	-0.2
-0.06	-0.1	0.04
0	0.2	0.1
0.01	0.07	0.12
0	0.03	0.01
0.01	0.22	0.02
0.04	-0.13	-0.2
-0.03	-0.12	-0.17
0	-0.1	0
0.04	-0.26	-0.03
-0.28	-0.2	-0.19
-0.05	-0.01	0
0.2	0.44	0.31
0.06	0.24	0.06
-0.04	-0.19	-0.16
0.16	0.58	0.16
0.08	0.45	0.21
-0.11	-0.22	-0.25
-0.08	0.09	-0.04
-0.08	-0.34	-0.38
0.01	-0.04	-0.06
0	0.02	0.07
0	-0.01	0.02
0.05	0.13	0.02
0.15	0.4	0.31
0.01	-0.31	-0.32
0.27	0.28	0.09
-0.18	0.09	-0.02
-0.08	0.31	0.17
-0.08	-0.24	-0.2
-0.25	-0.26	-0.22
0.03	-0.14	-0.1
-0.11	-0.13	-0.25
0.25	0.16	-0.07
-0.03	0.02	0
0.15	0.09	0.05
-0.1	-0.08	-0.2
0.05	-0.2	-0.2
0.14	-0.28	-0.04
-0.14	0.3	0.06
0.02	0.05	0.03
-0.07	0.27	0.16
-0.27	0.07	-0.03
0.26	0.06	0
0.07	0.09	0
-0.08	0.25	0.06
0.04	0.08	-0.01
-1.1	-0.77	-0.77
0.05	-0.09	-0.11
0.04	-0.15	0.06
-0.05	-0.02	-0.24
0.07	-0.14	-0.27
0.01	0.16	0.07
-0.05	-0.21	-0.35
0	-0.17	-0.2
-0.08	-0.02	-0.1
0.02	0.34	-0.18
0.19	0.37	0.14
0.02	0.73	-0.3
0	-0.03	-0.38
-0.09	-0.34	-0.21
0.05	0.35	-0.08
-0.1	0.31	0.02
0.34	0.37	-0.05
-0.19	-0.48	-0.23
0.3	0.01	-0.34
-0.03	-0.01	-0.3
0.08	0.1	-0.36
0.29	0.76	0.07
-0.13	-0.91	-0.79
-0.1	-0.41	-0.08
0.03	0.67	0.29
-0.11	-0.47	-0.27
-0.1	0	-0.19
-0.12	-0.35	-0.37
0.18	0.21	-0.08
0.07	0.17	-0.25
0	-0.37	0.09
0.22	0.25	0.02
0.19	-0.23	0.04
-0.07	0.77	0.66
0.14	0.28	0.06
0.05	0	-0.34
-0.09	-0.37	-0.32
0.15	0.8	-0.2
0.32	0.16	-0.1
0.05	0	-0.41
0.07	0.24	-0.25
0	0.18	-0.04
0.2	0.08	0.12
0.04	0.38	0.01
-0.02	-0.48	0.25
0.08	0.66	0.43
0.24	0.81	0.43
0.02	0.09	-0.33
0.14	0.17	-0.03
0.02	-0.07	-0.01
-0.05	0	-0.41
0	-0.21	-0.23
-0.06	-0.37	-0.41
-0.16	0.23	-0.05
0.11	-0.09	-0.24
0.02	-0.08	-0.02
-0.04	0	-0.28
-0.09	-0.15	-0.09
-0.01	-0.04	0.08
0.17	0.02	0.16
-0.03	-0.07	0
0.05	0.03	-0.19
0	-0.23	-0.46
0.03	-0.04	-0.57
-0.02	-0.34	-0.11
0.26	0.19	0.18
0.12	-0.38	-0.42
-0.01	-0.21	-0.62
-0.02	-0.25	-0.15
0	-0.2	-0.3
0.12	0.56	0.54
0.18	0.54	0.25
0.15	-0.04	0.01
0.07	-0.06	-0.29
0.02	-0.15	-0.21
-0.12	0.15	-0.25
0.01	0.11	0.11
0.24	-0.19	-0.57
-0.14	-0.22	-0.2
0	0	-0.1
0.03	0	-0.2
-0.11	0.07	-0.18
-0.05	-0.19	-0.45
-0.08	-0.24	-0.3
0	-0.05	-0.13
0.12	0.13	0.05
0.03	0.15	-0.25
0.1	-0.37	-0.6
0.2	0.97	0.89
-0.53	-0.76	-1
-0.35	-0.23	-0.57
0.24	0.17	0.08
-0.12	-0.32	-0.43
-0.31	-0.17	-0.58
0.11	0.51	-0.02
-0.04	0.14	0.03
-0.01	-0.13	-0.26
0	0.31	-0.2
0.02	0.03	-0.13
-0.05	-0.21	-0.18
0.01	0.02	-0.02
0.09	0.21	-0.36
-0.11	-0.18	0.05
0.08	-0.29	-0.35
0.04	0.37	-0.32
0.23	-0.16	-0.41
-0.02	-0.35	-0.37
-0.07	-0.25	-0.13
0.19	0.14	0.06
-0.21	0.28	0.05
-0.18	-0.26	-0.55
-0.02	0.4	0.09
-0.34	-0.05	-0.19
0.13	0.08	0.06
-0.3	-0.36	-0.41
-0.88	0.57	-0.76
0.15	-0.05	0.21
-0.05	0.37	0.34
0.41	0.27	0.45
-0.18	0.32	0.22
-0.06	0.07	0.01
0.02	0.07	-0.01
-0.05	0.13	0.12
-0.08	0.16	0.51
0.03	0.6	0.66
0.06	-0.27	-0.15
0.15	0.12	-0.29
0.02	0.31	0.43
-0.2	-0.03	-0.26
0.56	-0.5	-0.42
0.14	0.28	0.52
-0.02	0.11	-0.18
0.1	0.04	-0.17
0.26	0.17	-0.11
0.76	-0.2	-0.61
-0.14	-0.23	-0.35
-0.01	0.16	-0.09
-0.01	-0.02	-0.12
0	-0.01	-0.17
0.04	0.06	0.09
0.13	-0.02	-0.39
0.02	0.05	0.26
0.11	0	-0.03
-0.03	0.33	-0.06
-0.11	-0.55	-0.32
0.09	-0.02	-0.25
-0.08	0.22	0.19
0.11	0.2	0.21
0.05	0.12	0.32
-0.02	-0.04	-0.38
-0.15	-0.01	-0.49
0.15	0.27	0.34
0.03	-0.14	-0.15
-0.24	0	-0.2
0	-0.22	-0.41
-0.14	0.03	-0.23
-0.12	0.28	-0.03
0.05	0.01	0.08
0.05	-0.04	-0.51
0.01	0	-0.09
0.3	0.41	0.19
-0.04	0.19	-0.43
-0.26	-0.16	-0.02
0.16	0.14	0.23
-0.16	-0.26	-0.09
0	-0.1	-0.23
0.82	0.1	-0.66
0	0.13	-0.15
0.14	0.16	0.29
-0.07	-0.09	0.16
-0.02	-0.06	-0.3
0.18	0.11	-0.3
-0.01	-0.06	-0.17
-0.17	-0.18	-0.38
0.17	0.38	0.19
0.22	0.26	0.56
0.3	0.8	1.21
0.17	0.05	0.41
0.41	0.44	0.42
0	-0.27	-0.55
0.21	0.5	0.43
-0.06	0.13	-0.35
0.1	0.25	0.06
-0.08	0.26	-0.07
-0.24	-0.07	-0.25
0.09	0.56	-0.08
0.01	0.36	0.28
-0.54	-0.66	-0.35
0.09	0.26	0.12
0.04	0.02	0.04
-0.14	0.34	0.61
0	-0.02	0.09
-0.04	0.12	-0.18
-0.32	-0.11	-0.22
-0.11	0.08	0.09
-0.07	0	-0.24
-0.25	-0.19	0.12
0.08	0.17	0.14
-0.12	-0.08	-0.11
-0.35	0	-0.42
0.17	0.13	-0.01
0.35	-0.07	0.19
0.21	-0.26	0.13
0	0.03	0.2
-0.27	-0.27	-0.01
-0.14	0.05	0.04
0.1	0.15	-0.35
0.04	0.25	0.26
-0.13	-0.14	0.11
0.16	0.3	0.31
-0.3	-0.2	-0.14
0.07	-0.25	0.4
0.19	0.04	0.26
0.23	0.48	0.2
-0.35	-0.21	-0.57
0.22	-0.16	-0.06
0.12	0.26	0.33
-0.23	-0.31	-0.85
0.05	0.55	0.38
-0.06	-0.17	-0.16
-0.1	0	-0.03
0.11	0.22	-0.03
0.04	-0.02	0
-0.01	0.01	0.09
0.06	0.1	-0.14
0.05	-0.02	-0.03
-0.06	0.24	0.2
-0.02	-0.18	0
0	-0.1	-0.12
-0.01	0.2	0.31
0.08	0.15	0.06
-0.18	0.09	-0.21
-0.05	0.01	-0.19
-0.17	-0.01	-0.22
-0.05	0.08	-0.1
0.06	0.26	-0.01
0.12	0.2	0.76
-0.05	-0.07	-0.37
-0.11	-0.17	-0.15
0.08	0.15	0
0.07	0.3	-0.1
0.01	0.16	0.08
-0.13	-0.18	0.02
0.02	0.12	-0.01
-0.04	0.15	0
0	0.27	0.07
-0.04	0.03	-0.29
-0.09	0.01	0.02
-0.01	0.07	0
0.02	0.24	-0.09
0.14	0.23	0.14
-0.09	0.2	-0.17
-0.09	-0.53	-0.35
0.21	0.38	-0.01
0.08	-0.42	0.13
-0.23	-0.22	-0.61
0.04	-0.02	-0.51
0.24	-0.25	0.53
-0.59	0.36	0.6
-0.32	0.19	0.36
-0.1	0.02	-0.07
-0.01	-0.31	-0.25
0.1	0.44	-0.15
-0.2	0.41	0.18
-0.08	-0.04	-0.25
-0.05	0.1	-0.17
0.15	-0.13	0.22
-0.19	0.26	-0.14
0.15	0.27	-0.39
-0.03	0.12	-0.29
0.19	-0.07	-0.41
-0.11	0.26	-0.44
-0.06	0.19	-0.03
-0.22	0.18	-0.25
-0.05	0.07	-0.07
-0.33	0.16	-0.49
0.06	0.09	-0.21
-0.07	0.02	0.25
-0.13	0.24	-0.08
-0.3	0.23	-0.48
0.14	0.15	0.96
0.2	0.26	0.47
0.26	0.14	0.02
0.24	0.1	0.1
-0.02	0.22	0.4
0.05	-0.21	0.03
2.5	0.32	1.61
-0.46	0.12	0
-0.08	0.19	-0.1
-0.35	0.03	0.37
-0.01	0.08	-0.21
-0.31	0.18	-1.29
0.02	0.06	-0.04
-0.04	0.09	0.02
-0.11	0.26	0.05
0.27	0.13	0.64
-1.28	0.41	0.39
0.22	0.05	-0.15
-0.05	0.04	-0.11
0.02	0.12	0.3
0.01	0.17	0.02
0.1	0.08	0.45
0.14	0.2	0.18
-0.01	0.12	0.22
-0.2	0.1	-0.16
-0.07	0.14	-0.22
0	0.05	-0.17
0	0.1	0.05
0.05	0.08	-0.09
-0.1	0.08	-0.16
0.11	0.15	-0.07
0.1	0	0.11
-0.09	0.07	-0.02
0.02	-0.01	0.07
0.07	0.08	-0.03
0	0.04	0.07
0.16	0.06	0.15
0	0.09	0.39
0.08	0.09	0.09
-0.05	0.06	-0.02
-0.05	0.1	-0.02
-0.05	0.08	-0.04
-0.03	0.03	0.14
0.12	0.01	-0.02
0.02	-0.03	0.08
0.03	-0.01	0.09
-0.09	0	0.02
0	0.03	-0.05
0.01	-0.09	0.02
0.05	0.03	-0.12
0.19	0.17	0.22
0.04	0.09	0.2
0.1	0.09	0.2
0.11	0.05	0.22
0.02	0.1	0.02
-0.18	0.11	0.07
0	0.06	-0.59
0.02	0.06	0.11
0.02	0.38	0
-0.14	0.15	-0.44
0.05	0.26	0.22
0.13	0.09	-0.01
-0.15	0.04	-0.02
-0.08	0.08	-0.1
-0.04	0.18	-0.03
0	0.1	-0.04
-0.04	0.07	0
0.04	0.09	0.21
0.16	0.05	-0.2
0.29	0.31	1.02
0.1	0.28	0
0.14	0.08	0.64
0.52	0.47	0.68
0.09	0.16	-0.02
0.05	0.03	0.43
0.36	-0.18	0.24
0.07	0.24	-0.12
-0.26	0.15	-0.26
-0.03	0.13	-0.55
-0.27	0.21	0.25
0.13	0.32	0.87
-0.23	0.07	-0.33
0.12	0.21	0.48
-0.01	0.14	-0.03
-0.03	0.17	0.01
0.01	0.05	0.03
0.04	-0.03	0.21
0.11	0.15	0.11
-0.1	-0.22	-1.28
0.1	0.14	0.13
-0.02	-0.01	-0.03
-0.02	-0.13	0.33
0.05	0.1	-0.13
-0.02	0.11	-0.63
0.17	-0.11	0.1
-0.17	0.14	0.49
-0.14	0.31	0.25
-0.06	-0.07	-1.13
0	0.06	0.19
0.03	0.07	-0.1
0	0	-0.03
-0.13	-0.01	-0.14
-0.37	-0.05	-0.11
-0.29	-0.06	-0.04
0.04	0.07	0.02
-0.01	0.03	0.05
0.15	0.06	-0.11
0.02	0.04	-0.39
-0.05	0	-0.05
0.01	0.08	-0.09
-0.07	0.04	0.2
0.11	0.32	0.16
-0.28	0.22	-0.97
0.08	0.23	-0.02
1.71	-2.74	0.75
0.08	0.51	1.02
0.02	-0.85	-0.09
0.13	0.17	-0.61
-0.17	0.02	-0.36
0.01	0.06	0
-0.16	-2.32	-0.04
-0.12	-0.14	0.23
-0.12	-0.42	-0.93
-1.51	-2.24	0.65
0.04	0.09	0.45
-0.14	0.91	-0.03
0.09	0.06	0.34
0.31	-2.75	-2.25
-0.8	0.85	-1.18
-0.34	1.74	-0.18
-0.3	-0.14	0.89
-0.06	0.14	-0.1
0	0	0.54
-0.12	-0.05	0.45
-0.28	-0.42	0.63
-0.11	0.12	0.2
-0.47	-0.05	-0.53
-0.12	0.15	0.01
0.09	-0.18	0.24
0.02	0.32	-0.08
-0.19	-0.18	0.46
-0.38	0.87	0.13
-0.26	0.24	0.05
-0.11	0.1	0.27
-0.09	0.44	-0.28
0.01	0.33	0.06
0.04	0.09	-0.25
1.25	0.87	1.3
-0.13	0.32	-0.21
-0.18	0.42	0.19
-0.56	1.97	2.7
0	-0.56	0.64
-0.19	0.03	0.57
0.16	0.7	0.71
0.09	-0.09	0.89
0.11	-0.02	-0.38
-0.05	0.14	0.27
-0.68	0.5	-0.28
0.13	0.03	-0.37
-0.14	0.28	0.01
0.03	0.57	-0.15
-0.02	-0.38	-0.19
1.01	0.58	-0.02
-0.18	0.06	0.81
0.2	-0.51	-0.4
0.46	-1.02	0.25
-0.1	0.26	0.1
0	0	-0.13
-0.33	-1.1	4.17
0.16	-0.6	0.31
0.42	-0.11	0.39
0.03	-0.06	0.35
0.01	-0.25	0.04
0.29	0.05	0.09
-0.7	-0.44	-0.05
-0.04	0.22	0.11
0.22	0.11	-0.13
0.08	-0.26	-0.08
0.04	-0.03	0.31
-0.1	-0.14	0.45
-0.38	0.29	0.56
-0.17	-0.13	0.56
0	-0.16	-0.15
-0.06	0.86	0.7
0.03	0.44	0.53
0.09	-0.04	0.82
0.09	-0.14	0.61
0.07	-0.03	0.14
0.06	0.01	0.06
-0.43	0.08	0.53
-0.18	0.24	0.49
-0.81	1.5	-0.26
0.27	0.79	-1.93
0.75	0.78	1.91
0.04	-0.45	1.55
-0.1	-0.87	-0.99
0.79	-1.39	-0.56
-0.19	-0.24	2.12
-0.53	-0.5	0.13
-1.3	-0.22	2.24
1.01	0.99	1.88
-0.18	-0.17	-0.13
-0.69	-0.26	-1.1
1.16	-0.14	1.43
0.06	-2.18	-0.92
0.38	-0.61	-0.11
0.16	0.37	-1.68
1.98	-0.56	0.01
0.3	0.17	0.45
-0.22	0.76	0.49
0.2	0.23	-0.85
1.27	-1.11	0
-0.49	-0.24	-0.73
-0.18	-0.59	2.02
-0.44	-1.31	1.68
0.75	-0.2	-1.98
0.34	1.86	1.79
-0.9	-0.87	-0.13
0.7	0.88	0.74
1.03	-0.84	0.78
0.58	-1.42	2.12
-0.81	1.02	-1.28
0.41	0.23	-0.26
1.47	0.64	0.22
0.1	-0.58	-0.28
-0.06	0.94	-0.14
-0.47	0.88	0.36
0.55	0.28	-0.16
0.56	-1.49	1.28
2.38	0.7	0.45
-0.62	0.58	-1.45
0.15	1.37	1.05
0.11	-1.03	0.23
2.11	0.38	1.72
0.15	1.58	-2.88
0.9	-0.8	0.56
0.12	1.52	-0.42
0.52	-1.55	-0.56
0.65	0.53	1.19
-0.33	-0.65	-0.62
2.19	0.96	0.15
-0.69	-1.42	-0.63
-0.78	0.5	-1.32
0.79	0.58	-1.09
0.19	-0.12	-0.32
0.25	0.45	-0.75
0.16	0	-0.64
0.15	0.45	-0.27
0.51	0.04	0.57
-0.02	-0.35	-0.68
4.13	2.29	-4.12
-1.16	0.76	0.4
-0.07	-0.74	0.15
0.62	1.75	1.48
-0.96	-0.77	-0.73
0.37	-1.49	-0.92
0.03	0.25	-0.24
-0.67	0.07	0.45
0	-0.3	-0.13
1.41	-0.81	0.51
-0.17	0.18	-0.37
0.17	0.25	0.31
0.79	-0.49	-0.44
0.34	-0.4	-0.09
0.52	0.2	-0.1
-0.1	0.13	-0.07
0.29	0.12	0.03
0.02	0.33	0.03
0.19	-0.18	-0.19
0.03	-0.49	-0.35
0.3	0.06	-0.48
-0.31	0.23	0.04
-0.47	-0.62	-0.32
0.51	0.34	-0.59
0.3	0.64	-0.39
0.04	0.06	-0.47
0.82	1.03	0.82
0.14	0.41	-1.02
-0.04	-0.1	0.2
0.24	0.36	-0.24
-0.17	-0.04	-0.02
0.13	0.4	0.25
-0.17	-0.44	-0.01
-0.82	-0.12	-0.57
0.13	0.23	0.03
0	-0.09	-0.35
0.29	0.03	0.18
-0.1	-0.54	0.48
-0.54	0.66	-0.21
0.22	-0.27	0.17
0.28	-0.04	-0.26
-1.23	-1.32	-0.18
0.17	0.12	0
-0.81	0.01	0.36
-0.33	0.49	0.21
-1.43	-1.15	0.83
1.26	0.82	0.38
1.03	0.01	0.36
-0.28	-0.15	-0.01
0.02	0.2	0.31
0.07	0.36	-0.07
0.02	-0.12	0.09
-0.11	0.34	0.22
0.11	0.25	0.14
0.12	-0.02	0.06
-0.19	0.09	-0.08
-0.1	0.47	0.34
0.71	0.24	-0.05
-0.06	-0.13	0.23
0.07	-0.11	0.29
0	0.07	0.08
0	-0.07	-0.12
-0.12	-0.09	0.2
0.06	0.06	0.05
-0.13	0	0.21
-0.05	-0.21	0
0.07	-0.03	0.21
0.33	0.11	-0.84
-0.03	0.21	-0.36
0.06	0.04	0
-0.29	0.19	0.1
0.06	0.01	-0.12
-0.14	-0.03	-0.02
0.04	-0.05	0
-0.18	0.07	0.15
0.04	0.06	-0.13
-0.06	0.26	0.03
0.09	-0.09	-0.1
-0.07	0.2	0.04
0.16	0.12	-0.3
-0.01	0.12	0.02
-0.01	-0.01	0.02
0.2	-0.1	-0.28
0.03	-0.11	-0.09
0.06	-0.2	0
-0.12	-0.01	0.09
-0.19	0.11	-0.21
0.18	-0.02	-0.09
0	0.04	0.16
0	-0.09	0.12
-0.21	-0.03	-0.22
-0.05	-0.13	-0.06
-0.14	0.07	0.02
0.09	-0.15	0.02
-0.06	-0.08	0.22
0.23	0.14	-0.25
0.67	0.65	-1.11
0.13	-0.16	0.08
0.35	0.17	-0.16
0.13	-0.16	-0.32
-0.04	-0.18	0
0.07	0.12	0.21
0.77	0.33	0.2
-0.11	-0.04	0.46
-0.32	-0.04	0.44
-0.13	0.68	-0.03
0.28	-0.36	-0.11
-0.01	0.04	-0.08
-0.24	0.24	0.02
-0.4	-0.12	-0.36
-0.29	-0.32	-0.09
-0.39	-0.09	-0.31
-0.91	-0.16	0.95
2.02	0.09	1.1
-0.09	0.68	1.97
-1.89	1.13	0.66
-0.02	-0.03	0.21
-0.74	-0.8	1.09
-0.67	1.26	0.37
0.28	0.18	-0.39
0.14	-0.08	0.21
0.01	-0.08	0.1
0.14	-0.12	0.1
0.3	-0.42	0.11
0	-0.29	0.21
0.03	-0.21	0.01
0.04	-0.22	0.21
0.05	-0.01	-0.21
0.11	-0.14	0.18
0.13	-0.14	0
0.14	-0.3	0.03
0.03	-0.2	0.08
-0.02	-0.06	0.1
0.06	0.07	0.25
-0.03	-0.08	0
0.07	-0.15	-0.04
-0.04	-0.14	-0.01
0.01	-0.13	0.09
0.07	-0.22	0.07
0.01	-0.17	0
0.06	-0.18	0.03
0.17	-0.56	0.03
-0.14	-0.08	0.09
-0.07	-0.12	0.01
0.08	-0.19	0.07
0.16	-0.25	0.2
-0.11	0.1	-0.26
-0.08	-0.27	0.08
0.04	-0.18	0.09
-0.04	-0.26	0
0.05	-0.23	-0.02
0.12	-0.21	0.03
0.03	-0.19	0.02
0.07	-0.15	0.09
0.08	-0.25	0
0.11	-0.34	-0.16
0.22	-0.43	0.01
0.19	-0.03	-0.01
-0.09	0.06	0.16
-0.02	0.2	-0.23
0.05	-0.08	0.11
0.11	-0.26	-0.11
0.01	-0.14	-0.03
0.03	-0.01	0
0.01	-0.3	-0.14
0.06	-0.21	0.06
0.08	-0.24	0
0.01	-0.24	-0.04
-1.34	0.23	0
-0.01	-0.06	0.01
0.01	-0.05	0.01
0.01	-0.08	0
0	-0.02	0.04
0.02	0.01	-0.1
0.05	-0.19	-0.04
-0.01	-0.14	-0.05
-0.03	-0.22	0.07
0	-0.07	0.09
0.01	-0.72	0.17
-0.05	-0.6	-0.29
-0.04	-0.33	-0.01
-0.03	0.48	0.6
0.01	0.07	0.16
-0.05	0	0.31
0.12	0.03	0
0.05	-0.46	0.1
0.05	-0.25	0.17
-0.14	0.14	0.57
-0.01	0.56	0.82
0.17	-0.21	-0.26
0.07	0.14	0.24
-0.09	-0.47	0.21
0	0.08	0.72
-0.02	-0.48	0.16
-0.03	-0.14	0.19
0.13	0.04	0.28
0.16	-0.04	0.01
0.01	-0.07	0.01
0.05	-0.35	0.49
0.06	-0.18	0.03
0.05	-0.06	0.47
0	0.01	0.08
0.04	-0.11	0.07
0.01	-0.12	0.11
0	0.01	0.21
0.02	-0.01	0.23
-0.44	0.08	0.45
-0.01	-0.16	0.2
0.06	-0.04	0.22
0.03	-0.05	0.14
0.03	-0.03	0.09
0.09	-0.08	0.31
0.06	-0.06	0.24
0.02	0.03	0.26
0.05	0.04	0.24
-0.05	-0.3	0.14
0.05	-0.04	0.19
0.01	-0.03	0.15
0.01	-0.01	0.19
0.03	-0.13	0.1
-0.01	-0.12	0.14
-0.18	0.07	-0.08
0.03	-0.03	-0.02
0.12	-0.07	0.27
0.03	-0.07	0.11
-0.1	-0.03	0.15
0.18	-0.07	0.16
0.01	-0.01	0.3
0.1	-0.13	0.16
0.04	0.01	0.02
0.05	-0.06	0.11
0.03	-0.06	0.03
-0.06	0.01	0.04
0.01	-0.09	0.22
0.18	-0.19	0.35
0	-0.05	0.17
0.04	-0.11	0.18
-0.04	-0.06	0.18
-0.01	-0.11	0.15
0.01	-0.03	0.22
0.92	0	0.16
0.06	-0.07	0.07
-0.24	0.2	0.08
-0.12	0.03	0.12
0.06	-0.02	-0.03
-0.19	0	-2.24
0.25	-0.6	0.73
0.19	0.11	0.06
0.03	-0.72	0.18
-0.17	0.12	0.07
0.1	0.15	0.17
0.15	-0.17	0.73
-0.07	0.06	0.26
0.04	0.19	-0.07
0.05	-0.27	-0.24
0.06	-0.16	0.27
-0.05	0.12	0.36
0.14	-0.64	-0.25
0.1	-0.13	0.08
0.01	-0.16	0.28
0	-0.07	-0.02
0.05	0.12	0.06
0.01	-0.38	0.07
0.13	-0.99	0.4
0.05	0.07	0.11
-0.05	-0.41	-0.2
-0.14	-0.18	0.35
0.07	-0.21	0.1
0.05	0.01	0.37
0.07	-0.26	0.13
-0.06	0	0.13
0.02	-0.03	0.02
0	0.08	0.23
0.05	0.06	0.26
-0.02	-0.19	-0.04
0.01	-0.13	0.05
0.03	0.14	0.04
0.18	-0.11	-0.03
0.2	-0.13	0.17
0.06	-0.05	0.11
-0.2	-0.19	-0.04
0.12	-0.19	0.43
-0.03	0.07	0.34
0	0.14	0.14
-0.05	0.1	0.16
-0.06	0.1	-0.06
-0.15	-0.24	0.02
-0.06	-0.4	0.01
0.05	-0.27	-0.02
-0.03	0.22	0.16
0.1	-0.15	0
0.13	-0.1	-0.01
-0.09	0.04	0.15
0.06	0.21	0
0	0.03	0.11
0.02	-0.07	0
-0.03	-0.07	0.15
0.1	0.13	0.19
0.03	-0.07	0
0.09	-0.15	-0.01
-0.09	-0.12	-0.01
0.07	0.2	0.21
0.11	-0.07	0.09
0.03	-0.13	0.05
0	-0.12	0.05
0.1	0.08	0.25
0	0.2	0.15
-0.44	-0.14	0.08
0.04	0.08	0.08
-0.03	-0.01	0.1
0	-0.01	0.07
0.04	0.05	0.11
0.11	-0.26	0.65
0.46	-0.48	1.1
-0.07	-0.2	-0.1
-0.05	-0.2	0.14
0.02	-0.07	0.18
-0.11	0.13	0
0.31	-0.2	0.19
0.02	-0.17	0.08
0.04	0.04	0.29
0	0	0.24
-0.04	-0.09	0.15
0	0.03	0.09
-0.02	-0.08	-0.01
-0.02	-0.2	0.12
-0.1	-0.16	0.14
-0.08	-0.1	0.16
-0.11	0.07	0.05
-0.02	0.05	0.12
0	0.04	0.06
0.05	-0.22	0
-0.03	0.09	-0.01
0.12	-0.24	0.15
0.11	-0.01	0.25
0	-0.06	-0.32
0.14	-0.06	0.16
-0.14	-0.01	-0.06
-0.25	-0.14	0.21
0	0.1	0.22
-0.27	-0.36	-0.12
0.19	0.05	-0.09
0.04	-0.05	0.07
0.15	-0.06	0.18
0.34	0.07	-0.74
0.07	-0.96	0.17
-0.04	-0.01	0.17
0	-0.02	0.17
0.13	-0.39	0.12
-0.3	-0.5	0.64
0.15	-0.04	0.16
0.04	-0.08	0.28
0.06	0.07	-0.16
0.02	-0.04	0.05
-0.03	-0.13	0.08
-0.15	-0.14	0.26
0	-0.27	-0.02
0.11	0.02	0.22
0.07	-0.26	0.08
0.01	-0.18	0.06
0.07	-0.1	0.12
0.06	-0.01	0.08
0.11	-0.01	0.25
0.05	-0.26	0.2
0.07	-0.3	0.13
-0.04	0.07	0.22
0.09	0.08	0.39
-0.18	-0.4	0.08
0.06	-0.16	0.08
-0.03	-0.11	0.01
0.05	0	-0.02
0.01	-0.09	0.09
0.02	-0.07	-0.04
-0.11	0.03	-0.1
0.08	-0.08	0
0.05	-0.04	0.02
0.07	-0.04	0
-0.04	-0.1	0.04
0.07	-0.07	0.05
0.02	-0.07	0.09
0.01	-0.15	-0.11
0.04	-0.08	0.15
0.05	-0.18	0.12
0	-0.19	0.07
-0.38	-0.25	0.37
0.03	-0.2	0.03
-0.09	-0.22	0.07
0.2	-0.51	-0.27
0.34	0.07	-0.16
-0.18	-0.17	0.17
0.11	-0.05	0.04
-0.06	-0.13	-0.03
0.03	0.02	-0.01
0	-0.24	0.65
0	-0.11	0.21
0.04	-0.06	0.24
-0.05	-0.12	0.09
0.04	-0.49	1.12
-1.29	1.36	-3.37
0.22	0.06	-0.15
-0.01	0.02	0.15
0	-0.06	-0.31
0.27	-0.13	0.04
-0.12	-0.07	0.25
0	-0.11	-0.07
0.75	-0.21	0.85
0.08	0.29	0.12
-0.08	-0.06	0.05
0.1	0.08	0.1
0.08	-0.06	0.22
0.06	0.02	0.12
0.06	-0.07	0.03
0.1	0	-0.26
0.22	0.02	-0.04
0.01	-0.12	0.04
0.07	-0.23	-0.05
0.14	0.17	0.1
0.04	0.1	0.15
0.12	0.08	0.01
0.02	-0.05	0.02
-0.02	-0.08	0.01
0.13	0	-0.1
0.13	-0.15	0.27
0.01	-0.21	-0.09
0.04	-0.13	0.01
0.13	0	0.04
0.07	0.1	0
0	-0.26	-0.02
0.15	0.06	0.04
0.01	-0.21	0.09
0.02	0	0
-0.05	-0.08	0.01
0	-0.23	0.01
0.19	0.06	0.05
1.01	-0.54	0.45
-0.89	0.51	0.04
-0.07	-0.1	-0.05
0.31	-0.56	0.82
-0.62	-0.47	0
0.64	0.64	-0.46
0.63	-0.01	0.5
0.02	-0.27	0.15
0.75	0.06	0.41
-0.5	-0.09	0.63
0.32	0.72	0.63
-0.08	-0.85	0.58
-0.16	0.33	0.31
0.16	0.17	0.2
0.17	-0.44	0.09
-0.19	-0.56	-0.21
-2.66	0.32	0.56
-0.02	1.09	-0.65
-1.19	0.22	0.43
-0.09	-0.44	0.11
-0.11	0.66	-0.07
0	0.75	-0.07
0.1	0.39	-0.63
-0.09	0.54	-0.54
-0.02	0.54	-0.29
2.72	-0.16	-2.07
0.05	-0.19	1.36
1.36	2.73	-3.2
0.55	0.38	0.07
-0.22	-0.1	-0.47
-0.67	-0.38	-0.81
0.33	-0.78	-0.39
0.61	-0.1	-2.15
-1.52	0.75	0.06
-0.59	-0.15	0.48
-1.06	1.47	1.59
0.07	0.52	-0.47
-0.24	0.4	-0.46
0.67	-1.18	-1.44
-0.45	0.66	-0.86
0.02	0.06	-0.68
-0.33	-0.27	-0.15
-0.03	0.04	-0.84
-0.4	0.36	-0.4
-0.04	0.28	0.01
-0.3	-0.08	-0.43
-0.19	0.07	0.09
-0.03	0.09	-0.07
-0.14	0.16	0.02
0.03	0.05	-0.04
-0.02	-0.01	0.11
-1.57	0	-0.24
-0.21	0.7	-0.51
0.21	0.54	-0.42
-0.23	0.87	-0.39
-0.04	0.52	-0.25
-0.39	-0.01	-0.03
-0.43	0.34	-0.14
-0.25	0.26	-0.34
-1.42	0.92	-0.52
0.14	0.1	0.08
-0.24	0.44	0
-0.5	0.43	0.01
-0.01	0.5	-0.08
-0.07	0.64	-0.27
-0.31	-0.03	0.66
-0.06	1.18	-4.54
-0.65	1.16	0.4
0.69	1.13	-1.09
0.42	1.24	-0.17
0.09	0.64	-0.69
0.2	-0.34	-0.97
0.43	0.74	-0.54
-0.49	-0.88	0.1
10.27	-0.98	1.3
0.01	0.3	-0.79
0.05	0.11	-0.42
-0.02	-0.11	-0.23
0.14	0.23	-0.27
-0.13	0.01	-0.15
0.11	0.17	-0.22
0.07	0.47	-0.03
-0.06	0.36	-0.48
0.37	-0.16	-0.17
-1.41	0.2	0.05
0.13	-0.12	-0.68
0.31	0.05	0.25
0.5	-0.91	-0.73
2.14	-1.13	0.24
0.83	-0.5	-0.55
0.71	0.39	-1.31
0.55	0.07	1.48
0.29	-0.63	0.01
-0.09	-0.93	0.46
1.59	0.41	2.36
0.03	0.58	0.47
1.17	0.65	0.65
0.05	0.68	-2.06
-0.12	0.86	-1.96
1.19	-0.96	0.37
2.25	0.39	-0.88
0.85	-0.55	-0.56
1.05	-0.17	0.82
3.51	2.75	-0.15
0.5	-0.69	-0.53
2.96	-0.02	-1.6
-0.29	0.47	-0.41
-0.13	-1.72	0.84
-0.37	-0.14	-0.38
-1.1	-1.23	0.36
1.09	0.58	0.44
0.25	-1.49	0.37
-0.38	0.21	-2.01
-0.31	-0.75	-0.21
-0.51	0.26	-0.17
-0.17	0.29	-0.31
-0.8	-0.05	-1.21
0.05	-0.36	0.1
-0.16	0.03	-0.61
-0.19	-0.18	-0.32
0.11	-0.11	-0.43
-1.42	0.35	0.55
-1.09	0.15	-0.38
-0.72	0.49	-0.68
0.15	-0.11	0
-0.01	-0.01	-0.4
0.2	0.67	-0.32
-1.78	3.25	4.84
0.43	0.07	-0.08
0.17	0.71	1.52
0.77	0.74	0.87
0.71	0.62	-0.01
-0.11	-0.41	0.78
-0.45	-0.31	-0.1
0.29	0.09	0.01
0.19	0.08	0.22
-0.1	-0.91	0.3
0.13	-0.04	0.02
0.12	-0.52	0.17
0.15	-0.21	0.45
0.23	-0.33	0.13
0.09	-0.4	0.23
0.22	0.27	-0.01
-0.2	-0.23	0.41
-0.02	-0.35	0.03
0.22	-0.17	0.07
0.11	-0.11	-0.13
0.26	-0.19	0.1
0.43	0.63	-0.89
0.27	-0.01	0.04
0.01	-0.1	0.33
0.07	-0.13	0.26
0.02	-0.57	0.37
-0.09	-0.12	0.35
0.07	0.01	-0.03
-0.07	-0.45	0.24
-0.35	0.59	-0.46
-0.07	-0.39	0.07
-0.07	-0.38	0.26
0.08	-0.1	0.02
0.03	-0.03	0.11
0.28	-0.02	-0.08
0	-0.15	0.22
0.09	-0.03	0.17
0.14	-0.14	0.39
0	-0.19	-0.22
-0.2	-0.31	0.46
-0.02	-0.09	0.07
0	0.2	0.28
-0.18	-0.3	0.46
-0.03	-0.57	-0.6
0.83	-0.38	-0.33
0.05	-0.5	0.2
0.16	0.11	0.08
0.06	-0.23	0.15
0.39	-0.02	0.73
0.04	-0.05	0.24
0.12	-0.05	0.23
-0.02	1.07	0.51
0.11	-0.45	-0.02
0.17	0.05	-0.2
0.22	-0.5	0.2
0.1	-0.22	0
-0.07	-0.29	0.39
0.08	0	0.12
