Accelerometer [X]	Accelerometer [Y]	Accelerometer [Z]
9.6	1.03	1.28
9.66	0.99	0.98
9.67	0.81	1.3
9.62	1.15	0.98
9.6	0.88	1.27
9.57	0.9	0.91
9.68	1.1	1.26
9.65	0.65	1.26
9.63	1.35	0.7
9.64	0.35	1.4
9.64	1.4	1.14
9.62	0.52	1.19
9.59	1.43	1.21
9.64	0.74	1.14
9.62	1.02	1.26
9.58	0.99	0.96
9.59	0.78	1.44
9.64	1.16	1.19
9.64	0.88	1.23
9.62	0.85	1.03
9.58	2.24	1.32
9.62	1.14	0.99
9.73	0.73	1.18
9.56	1.06	1.08
9.64	0.51	1.66
9.72	1.35	1.02
9.61	0.92	1.07
9.58	1.91	1.65
9.63	1.32	1.28
9.62	0.97	1.34
9.78	0.72	1.04
9.62	1.08	1.21
9.6	0.89	0.99
9.58	1.15	1.53
9.59	0.73	1.17
9.59	1.23	1.61
9.65	1.07	0.78
9.62	0.71	0.88
9.58	1.59	2.16
9.74	0.84	0.81
9.68	0.88	0.63
9.68	1.08	1.64
9.7	1.35	0.47
9.63	0.7	1.2
9.58	1.11	0.7
9.67	0.63	1.07
9.63	1.14	0.4
9.59	1.33	1.98
9.62	1.09	0.76
9.62	1.24	1.42
9.67	0.71	1.03
9.67	0.8	0.46
9.65	1.33	1.6
9.66	0.61	1.04
9.65	1.52	1.16
9.67	0.62	0.7
9.65	1.59	1.75
9.63	0.62	0.74
9.62	1.27	1.58
9.63	0.56	0.84
9.58	1.36	1.61
9.63	0.7	0.89
9.61	1.53	1.23
9.64	0.57	1.11
9.56	1.06	1.61
9.63	0.98	0.94
9.61	1.24	1.12
9.68	0.62	1.04
9.65	1.46	1.14
9.66	0.73	1.13
9.62	1.2	1.45
9.63	1.09	0.94
9.63	0.96	1.53
9.61	1.15	0.77
9.67	0.92	0.81
9.7	1.77	0.77
9.69	0.59	1.41
9.68	0.94	-0.05
9.6	0.99	1.72
9.61	0.85	0.75
9.69	1.01	0.04
9.65	0.69	0.96
9.71	1.23	1.35
9.63	0.8	0.92
9.66	1.25	1.52
9.62	1.1	0.5
9.63	1.31	1.58
9.69	0.82	0.88
9.7	1.18	1.13
9.62	0.52	0.76
9.65	1.22	1.45
9.6	0.59	0.71
9.65	1.3	1.37
9.58	0.99	1.03
9.62	1.11	1.43
9.64	0.86	1.23
9.61	1.03	1.13
9.62	1.06	1.19
9.57	1.13	1.06
9.64	1.1	1.08
9.62	0.9	0.99
9.68	1	1.51
9.65	1.11	0.67
9.69	0.74	1.42
9.61	1.15	0.75
9.61	0.78	1.33
9.55	0.92	0.97
9.63	1.03	0.89
9.64	1.06	1.38
9.77	0.91	0.93
9.51	0.78	1.43
9.64	1.25	0.9
9.62	0.92	1.39
9.6	0.89	1.01
9.64	1.02	1.13
9.68	1.2	0.83
9.61	0.82	1.32
9.68	1.13	1.09
9.67	1.02	1.13
9.62	0.76	1.23
9.68	1.09	0.95
9.66	0.71	1.55
9.61	1.16	0.72
9.58	1.16	1.26
9.65	1.13	0.93
9.64	0.99	0.97
9.67	0.99	0.46
9.77	0.79	1.25
9.7	1.59	0.48
9.67	0.35	0.51
9.86	1.46	1.74
9.59	0.78	0.87
9.67	0.86	0.78
9.68	1.48	1.26
9.67	0.29	0.94
9.64	1.24	0.9
9.65	1.12	1.09
9.71	0.8	0.5
9.7	1.13	0.75
9.63	1.01	1.61
9.63	1.12	0.6
9.62	0.45	0.69
9.63	1.24	1.02
9.61	1	0.94
9.67	1	0.82
9.63	1.15	1.49
9.57	1.1	0.96
9.67	1.19	0.92
9.63	1.09	1.21
9.67	1.12	1.25
9.67	0.92	1.1
9.68	1	0.94
9.61	1.01	1.38
9.65	0.91	1.11
9.6	1.24	1.33
9.61	1.12	1.2
9.6	1.07	1.15
9.53	1.16	1.45
9.69	0.75	1.11
9.67	0.71	1.14
9.65	1	1.2
9.56	1.02	1.13
9.64	0.97	1.41
9.7	0.49	1.25
9.6	1.25	1.52
9.67	1.27	1.11
9.53	1.1	1.13
9.63	0.66	1.44
9.62	0.95	1.28
9.61	0.95	1.07
9.64	1.11	1.03
9.62	0.97	1.52
9.65	1.1	1.1
9.61	1.01	1.15
9.64	0.92	1.48
9.63	1.15	1.22
9.61	0.89	1.14
9.54	1.29	1.44
9.59	0.76	1.28
9.61	1.18	1.23
9.6	0.89	1.47
9.59	0.84	1.45
9.61	0.95	1.32
9.58	1.03	1.43
9.63	0.97	1.28
9.54	0.99	1.47
9.64	0.91	1.34
9.64	1.03	1.19
9.59	1.1	1.53
9.59	0.62	1.08
9.61	1.02	1.54
9.61	0.67	1.38
9.72	1.37	1.27
9.61	0.44	1.34
9.56	1.09	1.36
9.65	0.69	1.64
9.73	1.42	1.12
9.52	1.09	1.6
9.64	1.33	1.41
9.57	0.42	1.45
9.55	0.95	1.49
9.61	1.45	1.37
9.59	0.38	1.06
9.55	1	1.63
9.61	1.31	1.26
9.51	-0.35	1.55
9.54	1.2	1.5
9.61	0.17	1.02
9.61	1.9	1.37
9.62	0.46	0.98
9.61	1.74	1.31
9.59	0.45	1.15
9.6	1.23	1.38
9.66	1.09	0.83
9.6	0.82	1.53
9.6	1.32	0.81
9.62	0.91	1.57
9.66	1.2	0.87
9.6	1.16	1.59
9.6	0.95	1.05
9.6	1.36	1.39
9.61	0.99	1.12
9.66	1.27	1.39
9.62	1.02	1.13
9.62	1.2	1.44
9.58	1.05	1.1
9.65	0.93	1.45
9.62	0.95	1.15
9.62	1.01	1.39
9.65	1.06	1.25
9.63	1.21	1.16
9.63	1.02	1.33
9.64	0.97	1.03
9.61	1.16	1.54
9.62	0.94	1.27
9.65	1.25	1.38
9.57	0.93	1.18
9.63	1.02	1.32
9.59	0.97	1.38
9.58	1.21	1.21
9.61	0.9	1.51
9.62	0.99	1.29
9.6	1.13	1.41
9.61	0.86	1.27
9.61	1.02	1.61
9.61	1.1	1.3
9.59	0.99	1.51
9.56	0.91	1.39
9.64	1.15	1.35
9.6	0.89	1.15
9.58	1.13	1.52
9.64	1	1.22
9.56	0.95	1.63
9.62	1.06	1.01
9.61	0.94	1.58
9.58	1.05	1.15
9.58	0.71	1.59
9.68	1.07	0.72
9.62	0.86	0.98
9.65	1.19	1.15
9.62	0.74	1.3
9.62	1.3	1.11
9.58	0.82	1.6
9.62	1.28	0.94
9.58	0.93	1.5
9.64	0.92	0.97
9.61	1.06	1.32
9.61	0.73	1.43
9.61	1.1	1.19
9.65	0.88	1.19
9.54	1.01	1.56
9.59	0.84	1.45
9.65	1.36	0.92
9.57	0.65	1.61
9.63	0.88	0.6
9.7	0.77	0.93
9.71	1.09	0.88
9.7	0.95	0.81
9.63	0.72	0.8
9.63	0.76	0.84
9.72	0.76	0.44
9.57	0.76	2.02
9.56	0.98	0.9
9.61	0.81	1.41
9.6	0.75	0.92
9.79	0.86	0.72
9.8	1.09	0.74
9.59	1.14	0.89
9.74	0.48	1.08
9.59	0.77	1.35
10.09	0.02	1.11
9.35	1	1.73
9.87	0.54	0.49
9.76	1.41	1.33
9.89	1.01	0.53
9.61	0.39	0.37
9.95	-0.7	1.8
9.42	0.93	-0.64
9.69	0.38	2.04
9.78	0.39	0.55
9.5	1.54	1.97
9.64	0.66	0.49
9.61	1.16	2.03
9.58	0.71	0.76
9.56	1.06	1.73
9.62	0.86	0.73
9.61	0.87	1.8
9.63	0.97	0.78
9.55	1	1.72
9.64	0.73	0.82
9.62	1.23	1.67
9.61	0.58	0.87
9.62	1.38	1.34
9.64	0.67	0.76
9.61	1.23	1.18
9.56	1.06	1.09
9.6	1.06	1.12
9.73	1.21	0.91
9.62	1.13	1.19
9.67	1.22	0.74
9.63	0.88	1.47
9.66	1.26	0.89
9.59	1.07	1.35
9.69	0.99	1.53
9.65	1.08	0.77
9.65	1.07	1.64
9.62	0.86	0.82
9.67	1.07	1.15
9.69	1.01	0.84
9.64	0.91	1.65
9.66	1.37	0.78
9.66	1.11	1.12
9.65	0.96	0.98
9.66	1.25	1.35
9.71	0.33	0.6
9.63	1.28	1.32
9.65	0.8	0.55
9.62	1.17	1.52
9.65	0.97	0.77
9.61	1.09	1.51
9.68	1.1	0.81
9.61	1.07	1.29
9.66	0.74	0.86
9.65	1.06	1.19
9.65	0.76	1.07
9.63	1.33	1.26
9.61	0.93	1.34
9.6	0.82	1.36
9.65	1.29	1.15
9.6	0.67	1.04
9.64	1.28	1.47
9.66	0.99	0.75
9.63	0.82	1.35
9.65	1.19	0.9
9.66	0.82	1.13
9.66	1.01	0.99
9.71	1.11	0.97
9.67	0.85	0.99
9.61	1.09	1.32
9.65	1.2	0.84
9.68	1.04	1.42
9.66	0.78	1.12
9.58	1.11	1.24
9.63	0.63	1.16
9.65	1.25	1.03
9.6	0.9	1.26
9.67	1.15	1.13
9.66	1.08	1.34
9.63	0.85	1
9.63	1.25	1.22
9.62	0.58	1.17
9.63	1.26	1.37
9.59	0.91	1.15
9.63	1.07	1.55
9.63	0.95	1.45
9.63	1.02	1.05
9.6	1.09	1.65
9.63	0.93	1.14
9.65	1.04	1.6
9.66	1.09	0.91
9.64	1.14	1.5
9.62	0.78	0.93
9.63	1.33	1.24
9.65	0.88	1.06
9.64	1.23	1.05
9.65	0.77	1.53
9.65	1.02	0.99
9.64	0.6	1.04
9.64	1.39	1.18
9.62	0.63	1.02
9.56	0.91	1.37
9.65	1.13	0.94
9.62	0.92	1.42
9.6	1.15	1.12
9.66	1.12	1.11
9.62	0.86	0.97
9.66	0.99	1.3
9.61	0.87	1.37
9.62	1.36	1.37
9.67	1.08	0.88
9.64	1.27	1.39
9.61	0.67	1.02
9.66	1.34	1.3
9.6	1	0.88
9.65	0.67	1.47
9.66	1.25	0.81
9.71	0.9	1.37
9.64	0.98	0.7
9.62	0.5	1.45
9.61	0.81	1.18
9.62	1.45	0.67
9.58	0.52	1.6
9.64	0.76	0.8
9.7	1.33	1.04
9.59	0.73	1.13
9.67	1.47	0.77
9.68	0.87	0.56
9.62	0.99	1.39
9.6	1.59	0.69
9.76	0.3	0.34
9.66	1.57	0.82
9.64	1.11	1.28
9.6	0.75	0.9
9.61	1.1	1.49
9.66	0.84	0.68
9.66	1.61	1.21
9.67	0.78	0.78
9.69	1.28	0.64
9.62	0.6	0.62
9.6	1.21	1.82
9.68	0.74	0.32
9.57	1.58	2.26
9.69	0.68	0.98
9.67	1.02	0.64
9.64	0.98	1.06
9.64	1.09	1.36
9.63	0.94	1.09
9.64	1.23	1.04
9.68	0.95	0.73
9.62	0.9	1.73
9.67	0.99	0.46
9.64	0.33	0.53
9.44	1.27	1.2
9.62	0.95	1.19
9.65	0.99	0.75
9.57	1.41	1.71
9.6	0.66	0.82
9.6	1.2	1.6
9.61	0.8	0.92
9.63	1.14	1.51
9.63	0.91	1.09
9.59	0.94	1.51
9.64	1.01	0.97
9.57	0.9	1.48
9.62	1.07	1.07
9.65	0.94	1.3
9.64	0.98	1.07
9.56	0.77	1.04
9.61	0.64	1.27
9.63	1.09	0.52
9.6	0.85	1.49
9.62	0.88	0.83
9.63	1.02	1.49
9.62	0.81	1.34
9.63	1.29	1.08
9.66	1.14	1.36
9.61	0.95	1.41
9.64	1.02	1.04
9.62	1.06	1.35
9.64	0.95	1.26
9.64	0.95	1.13
9.64	1.2	1.24
9.66	0.98	1.03
9.64	0.82	1.44
9.62	1.14	0.97
9.58	0.87	1.63
9.64	0.99	0.89
9.55	0.94	1.58
9.62	1.01	1.16
9.59	0.93	1.31
9.66	1	1.14
9.62	1.19	1.44
9.68	1.18	1.08
9.64	0.9	1.51
9.63	1.03	1.07
9.62	1.12	1.45
9.6	0.88	1.31
9.62	1.22	1.27
9.6	0.82	1.29
9.61	1.17	1.43
9.58	1.03	1.17
9.62	0.83	1.19
9.62	1.03	1.16
9.62	0.91	1.26
9.61	0.94	1.43
9.62	1	1.42
9.59	0.88	1.21
9.61	0.96	1.46
9.61	0.97	1.17
9.6	0.93	1.51
9.62	0.96	1.09
9.62	1.15	1.59
9.6	1.05	1.15
9.62	1.05	1.53
9.62	1.22	1.26
9.6	0.92	1.6
9.63	1.08	1.24
9.58	0.77	1.63
9.61	1.08	0.96
9.61	0.77	1.58
9.63	0.82	1.15
9.61	1.17	1.36
9.59	0.71	1.47
9.6	1.1	1.42
9.61	0.91	1.47
9.58	0.83	1.39
9.62	1.1	1.47
9.57	0.69	1.37
9.57	0.98	1.58
9.59	1.05	1.15
9.58	0.77	1.47
9.58	0.96	1.33
9.58	0.82	1.25
9.62	1.23	1.11
9.6	0.95	1.16
9.68	1.13	1.49
9.6	0.89	1.43
9.64	0.75	1.13
9.63	1.1	1.49
9.6	0.87	1.06
9.59	0.94	1.62
9.66	1.03	0.91
9.63	1.03	1.36
9.62	0.76	1.04
9.6	1.41	1.38
9.64	0.66	1.12
9.68	1.18	1.21
9.63	0.82	1.29
9.59	1.19	1.38
9.64	0.98	1.22
9.56	0.82	1.41
9.62	1.3	1.13
9.57	0.7	1.41
9.62	1.21	1.32
9.62	0.92	1.39
9.6	0.88	1.5
9.58	0.99	1.16
9.62	1.05	1.46
9.62	0.93	1.27
9.63	1.12	1.49
9.62	0.83	1.13
9.59	1.04	1.55
9.6	1	1.23
9.57	1.05	1.48
9.62	0.87	1.17
9.62	1.02	1.58
9.61	0.83	1.23
9.59	1.1	1.37
9.59	1.08	1.2
9.56	0.84	1.58
9.64	1.25	1.14
9.62	0.7	1.46
9.63	0.97	1.22
9.6	0.91	1.35
9.61	1.05	1.44
9.57	0.74	1.43
9.6	1	1.44
9.64	0.8	1.22
9.63	0.78	1.27
9.58	1.28	1.29
9.61	0.6	1.49
9.6	1.48	0.8
9.59	0.73	1.52
9.64	1.03	1.22
9.62	0.98	1.37
9.62	1.01	1.02
9.64	0.96	1.41
9.6	0.81	1.1
9.59	1.14	1.48
9.61	0.83	1.07
9.61	1.1	1.37
9.6	0.85	1.44
9.64	1.1	0.99
9.58	1.01	1.44
9.6	0.98	1.13
9.59	1.07	1.36
9.62	0.74	1.31
9.65	1.21	1.27
9.61	1.09	1.48
9.6	0.8	1.22
9.6	1.14	1.14
9.62	0.97	1.32
9.63	0.75	1.22
9.62	1.1	1.35
9.61	0.75	1.12
9.6	1.12	1.43
9.61	0.86	1.09
9.63	0.91	1.43
9.66	0.94	1.26
9.59	1.21	1.27
9.58	0.57	1.18
9.6	1.23	1.47
9.62	0.75	0.9
9.6	1.08	1.49
9.62	1.13	0.99
9.63	1	1.39
9.63	0.73	1.08
9.65	1.21	1.56
9.62	0.85	0.7
9.61	1.13	1.96
9.63	0.71	0.52
9.6	1.22	1.85
9.62	0.68	0.72
9.62	1.52	1.68
9.61	0.52	0.7
9.61	1.3	1.91
9.63	0.69	0.54
9.59	1.26	1.85
9.66	0.64	0.67
9.56	1.38	1.85
9.65	0.71	0.71
9.64	1.16	1.66
9.7	1.25	0.68
9.59	0.69	1.5
9.62	1.16	0.94
9.62	0.78	1.37
9.65	1.1	1.1
9.62	0.69	1.3
9.65	1.15	1.27
9.6	0.61	1.34
9.64	1.11	1.3
9.64	0.94	1.18
9.61	0.74	1.6
9.65	1.4	1.03
9.62	0.75	1.2
9.65	0.97	1.19
9.59	1.03	1.04
9.63	0.82	1.52
9.62	1.07	1.16
9.62	0.87	1.42
9.64	1.07	1.26
9.6	0.8	1.29
9.7	1.04	1.33
9.62	0.97	1.34
9.6	1.02	1.18
9.6	0.88	1.17
9.61	0.99	1.37
9.61	0.95	1.21
9.65	0.97	1.17
9.57	0.8	1.44
9.65	0.96	1.06
9.62	0.84	1.25
9.65	0.91	1.26
9.6	0.91	1.24
9.6	0.9	1.52
9.62	0.98	1.08
9.6	0.93	1.4
9.64	0.86	1.23
9.61	1	1.44
9.65	0.97	1.09
9.62	0.83	1.52
9.64	0.94	1.18
9.62	0.91	1.44
9.6	0.89	1.33
9.59	0.94	1.34
9.58	0.88	1.38
9.64	0.92	1.34
9.63	1.01	1.4
9.64	1.03	1.42
9.61	0.94	1.16
9.62	1.06	1.57
9.6	0.85	1.16
9.65	0.91	1.16
9.59	0.87	1.27
9.62	0.97	1.38
9.63	0.92	0.88
9.64	0.91	1.6
9.64	1	1.02
9.62	0.86	1.48
9.59	0.87	1.19
9.6	1.09	1.34
9.65	0.69	1.23
9.64	1.06	1.36
9.63	0.9	1.36
9.61	0.68	1.5
9.61	1.19	1.12
9.59	0.55	1.4
9.62	1.33	1.04
9.6	1.07	1.34
9.61	0.89	1.23
9.62	1.19	0.99
9.59	0.66	1.55
9.62	0.9	1.05
9.62	1.06	1.26
9.62	1.05	1.43
9.66	0.91	0.99
9.56	1.12	1.41
9.62	0.64	1.06
9.62	1.03	1.44
9.63	1.13	1.21
9.64	0.98	1.33
9.59	0.89	1.29
9.63	1.11	1.2
9.59	0.81	1.56
9.61	0.92	1.09
9.61	0.99	1.58
9.6	0.84	1.11
9.61	1.11	1.47
9.62	0.72	1.12
9.6	1.05	1.54
9.57	0.79	1.2
9.62	1.09	1.57
9.61	0.88	1.28
9.59	0.87	1.53
9.61	0.97	1.26
9.61	0.87	1.39
9.59	0.89	1.47
9.59	0.92	1.37
9.61	0.83	1.3
9.62	1	1.54
9.6	0.77	1.21
9.59	0.86	1.46
9.64	0.95	1.3
9.6	0.91	1.42
9.58	0.96	1.39
9.58	1	1.3
9.61	0.82	1.45
9.6	0.95	1.26
9.6	0.99	1.58
9.61	0.92	1.16
9.61	0.91	1.52
9.6	0.86	1.24
9.6	1.01	1.47
9.57	0.86	1.47
9.62	0.87	1.38
9.6	1	1.38
9.57	0.84	1.48
9.6	0.83	1.44
9.57	1.02	1.5
9.57	0.87	1.41
9.6	1	1.52
9.59	0.89	1.32
9.58	0.91	1.5
9.61	0.86	1.36
9.57	0.91	1.44
9.58	0.86	1.37
9.56	0.82	1.51
9.6	0.8	1.49
9.58	0.93	1.35
9.6	0.75	1.49
9.61	1.16	1.33
9.61	0.91	1.48
9.63	0.95	1.15
9.62	0.88	1.5
9.62	0.96	1.02
9.58	1.02	1.61
9.6	0.76	1
9.59	1.18	1.62
9.61	0.66	1.09
9.59	0.98	1.53
9.58	1.06	1.07
9.6	0.57	1.63
9.64	1.12	1.13
9.61	0.75	1.35
9.63	0.9	1.35
9.56	0.99	1.23
9.6	0.78	1.39
9.62	1.15	1.37
9.59	0.72	1.39
9.62	1.02	1.41
9.62	1.01	1.16
9.54	0.98	1.55
9.65	1.02	1.17
9.6	0.94	1.47
9.62	0.89	1.38
9.61	0.88	1.39
9.61	0.92	1.33
9.59	0.96	1.26
9.58	0.96	1.42
9.62	0.86	1.18
9.59	0.95	1.38
9.63	0.88	1.32
9.6	0.96	1.37
9.6	0.77	1.33
9.64	0.93	1.35
9.62	0.83	1.43
9.59	1.02	1.4
9.57	0.87	1.26
9.61	1.02	1.49
9.6	0.99	1.25
9.59	0.87	1.24
9.62	1.09	1.35
9.57	0.8	1.33
9.6	1.02	1.36
9.59	0.82	1.34
9.6	0.82	1.33
9.6	0.92	1.46
9.61	0.95	1.42
9.58	0.91	1.38
9.6	0.94	1.45
9.58	0.91	1.3
9.59	0.98	1.38
9.6	0.84	1.57
9.59	0.91	1.26
9.58	0.95	1.51
9.59	0.89	1.29
9.59	0.87	1.48
9.61	0.88	1.25
9.59	0.85	1.49
9.59	0.92	1.4
9.61	0.88	1.4
9.57	0.87	1.37
9.56	0.97	1.49
9.6	0.96	1.26
9.62	0.82	1.37
9.61	0.99	1.33
9.6	1.06	1.09
9.59	0.8	1.58
9.61	0.96	1.28
9.59	0.86	1.44
9.63	0.77	1.3
9.56	1.16	1.47
9.61	0.83	1.37
9.58	1.05	1.51
9.6	0.99	1.19
9.6	0.8	1.61
9.58	0.81	1.22
9.6	1.01	1.4
9.59	0.68	1.39
9.61	1.02	1.34
9.61	0.85	1.45
9.6	0.92	1.33
9.61	1.04	1.51
9.62	0.9	1.16
9.57	1.06	1.65
9.61	0.69	1.02
9.58	0.99	1.69
9.62	1.13	1.06
9.59	0.82	1.7
9.62	0.76	1.31
9.58	1.05	1.01
9.61	0.95	1.57
9.62	0.99	1.26
9.69	1.25	1.15
9.61	0.65	1.39
9.62	1.09	1.04
9.59	0.91	1.35
9.61	0.9	1.2
9.58	1.11	1.38
9.63	0.82	1.08
9.63	1.13	0.91
9.7	1.21	1.07
9.59	0.41	1.2
9.68	1.76	1.14
9.54	0	1.33
9.66	1.63	0.83
9.62	0.58	1.26
9.65	1.01	0.88
9.63	1.07	0.98
9.67	0.78	1.1
9.62	1.26	1.19
9.7	0.92	1.12
9.66	1.2	1.36
9.64	0.9	0.79
9.64	1.12	1.6
9.66	1.02	0.89
9.61	1.08	1.59
9.64	0.99	0.75
9.57	1.08	1.42
9.59	1.05	1.06
9.68	0.96	1.33
9.65	0.89	1.1
9.64	0.99	1.38
9.66	1.14	1.06
9.59	0.9	1.4
9.64	1.02	1.19
9.61	0.96	1.38
9.61	0.93	1.17
9.61	1.18	1.33
9.66	1.15	1.12
9.64	0.91	1.29
9.66	0.93	1.35
9.61	0.95	1.21
9.61	0.9	1.3
9.62	1.12	1.17
9.59	0.84	1.48
9.62	0.96	1.39
9.6	1.06	1.3
9.58	1.06	1.57
9.64	0.96	0.94
9.62	0.98	1.49
9.64	1.26	1.24
9.6	0.88	1.04
9.59	1.15	1.09
9.61	0.81	1.23
9.69	0.98	1.22
9.7	1.08	1.16
9.7	1	0.85
9.63	0.92	1.12
9.63	0.94	1.34
9.63	1.35	1.27
9.64	1.02	0.77
9.65	0.86	1.16
9.62	1.44	1.11
9.65	0.89	1.12
9.62	1.35	1.05
9.58	0.59	1.56
9.65	1.49	0.61
9.62	0.94	1.11
9.66	1.04	1.35
9.68	1.03	1.41
9.6	1.01	1.06
9.61	1.09	1.17
9.66	0.82	0.93
9.64	1.25	1.53
35.9	-0.01	-0.72
39.44	2.21	-1.2
39.44	2.7	-1.48
39.44	4.44	-2.24
39.44	4.49	-3.62
39.44	3.8	-5.28
-3.11	-0.31	-5.89
-14.49	-2.49	-7.68
-12.99	-1.28	-6.33
-12.31	-0.66	-4.8
-10.72	-0.32	-4.82
-9.37	-0.62	-4.29
-8.19	-0.09	-3.84
-7.04	0.79	-3.2
-6.22	0.64	-2.61
-5.56	0.68	-2.5
-4.93	0.71	-2.22
-4.26	0.68	-2.11
-3.78	0.92	-1.63
-3.34	1.1	-1.48
-2.98	0.93	-1.46
-2.6	0.98	-1.16
-2.32	1.1	-1.18
-2.04	1.16	-0.89
-1.8	1.04	-0.87
-1.62	1.15	-0.82
-1.39	1.09	-0.68
-1.28	1.09	-0.81
-1.16	1.18	-0.64
-1.07	1.07	-0.54
-1.01	1.06	-0.68
-1	1.18	-0.64
-0.96	1.1	-0.52
-0.97	1.05	-0.57
-1.02	1.17	-0.66
-7.35	0.58	-5.96
2.13	-10.06	-32.35
-28.86	-20.21	3.61
0.57	-7.87	4.84
7.26	11.71	-3.2
-13.35	5.38	-1.6
0.94	5.9	-9.55
1.47	2.18	-12.34
7.34	11.5	1
-0.61	-0.19	5.28
-5.13	7.33	3.2
-0.28	-0.15	-9.53
0.2	10.55	6.16
-4.27	11.12	-6.04
5.21	-1.24	-19.51
3.35	-4.97	-10.93
2.29	7.44	-8.89
1.56	6.82	-8.3
-0.5	2.4	-3.65
-5.88	-6.46	-14.57
-2.58	-9.65	4.52
13.96	3.2	-0.4
-11.92	-1.65	12.85
-7.19	-13.38	-1.68
-5.35	0.3	-10.23
0.59	6.4	-10.61
-3.34	-8.29	8.02
-0.88	9.72	4.81
0.29	-5.6	8.4
3.25	-28.57	4.44
-5.04	-14.88	-7.13
-3.27	-3.23	-2.64
-2.23	-8.57	-4.36
2.54	-0.23	-21.51
0.63	-6.23	-0.45
3.61	-15.02	0.61
-5.74	10.51	0.86
-10.69	11.72	-3.22
-8.15	-1.73	-0.6
-1.52	-7.55	-4.72
1.87	-3.42	4.85
1.28	8.83	-8.72
-6.13	4.46	-9.96
-7.02	3.59	3.23
-7.85	-11.54	-9.97
0.7	10.97	-2.69
1.25	-5.13	8.24
-2.86	7.76	7.52
0.22	-3.5	-5.86
-6.21	-1.08	-13.02
-7.29	-2.8	-7.3
-6.85	-1.3	-8.41
1.01	8.48	-3.18
5.66	-6.29	-0.17
0.96	6.12	1.57
10.41	11.52	9.62
-2.96	-2	-8.68
0.9	8.42	-5.31
-4.26	4.31	-5.21
4.48	-11.62	5.8
-9.75	-15.04	12.21
-8.67	0.39	9
-9.02	-2.26	-7.56
1.67	-3.02	7.76
0.68	-0.55	1.02
3.78	-13.61	-2.23
3.07	-16.38	4.14
-2.89	6.86	-10.17
-11.9	-3.84	-1.54
-3.13	4.08	-20.04
2.14	3.75	9.53
2.35	1.86	6.38
-0.3	7.66	7.75
-0.55	5.2	10
-2.78	5.27	-18.85
-8.39	-18.37	-7.44
-2.94	0.12	0.41
-3.14	4.86	-13.23
-4.12	12.65	-0.54
0.72	3.52	-5.04
10.19	14.16	-1.37
-5.29	7.29	-16.88
-7.07	0.43	-3.34
-5.79	-4.4	-6.41
0.45	-6.92	1.25
3.25	2.3	-6.94
-1.69	-12.67	0.4
-3.05	1.18	13.47
-5.65	-6.1	6.93
-7.27	7.79	5.78
-8.74	5.71	-1.65
-0.2	10.31	-2.2
1.79	-3.32	-0.76
0.68	-8.72	6.69
-2.14	-11.36	12.99
1.17	-8.73	-1.65
0.55	-1.07	11.81
-9.84	-17.14	-1.98
-5.46	-3.72	6.07
6.63	-2.55	-12.01
-0.51	11.09	8.98
-5.53	1.28	19.64
-7.98	1.92	17.93
-0.33	6.74	-2.31
0.91	6.6	-7.18
-5.1	10.45	-1.01
0.43	-2.44	-5.4
-0.15	0.7	4.98
-3.69	1.48	-7.76
-0.65	4.25	-9.62
2.42	-3.72	-8.88
-2.35	-5.92	8.08
-3.21	13.89	-3.56
-10.04	8.99	-3.74
-8.22	0.03	-6.17
-39.02	-3.71	-5.97
-7.01	22.86	2.49
-5.73	-1.35	-7.62
-0.68	0.33	-1.48
-10.74	-0.77	-10.23
-6.71	0.05	-4.1
-8.37	-1.72	-0.15
-9.89	1.91	-2.9
-15.47	1.39	-2.92
-5.53	1.39	-1.89
-15.32	1.31	-2.01
-8.05	0.69	-0.98
-11.65	-0.89	-0.87
-9.14	2	-1.83
-7.92	0.9	-1.02
-9.25	0.36	-0.62
-6.95	1	-1.13
-10.77	1.27	-1.81
-10.53	0.06	-2.55
-7.15	0.82	-1.17
-9.27	0.27	-2.14
-9.9	0.74	-1.96
0.23	0.34	0.32
1.01	-7.21	-2.05
-7.23	-11.24	8.98
-4.67	-6.53	11.37
-21.31	-6.09	-12.34
-0.86	1.19	-0.39
-4.11	0.12	-10.17
-0.71	-1	-12.14
0.32	0.54	-2.57
-8.99	2.5	0.02
-6.25	0.31	3.91
-0.71	0.82	0.6
-1.06	0.62	-1.95
7.5	-0.67	-16.95
18.32	-17.02	11.88
-9.52	-1.61	-5.06
-2.29	2.92	0.73
-0.19	0.17	0.3
1.47	-9.22	-5.3
8.23	-0.41	-5.52
-2.99	12.21	10.45
9.97	1.59	-13.19
3.98	1.35	0.51
-3.1	-4.26	0
21.82	5.7	-0.74
-2.29	-1.66	4.72
-13.73	-8.58	6.31
11.12	-31.88	4.31
14.27	27.59	-17.48
0.09	-0.79	0.6
-1.68	3.72	4.59
-17.7	0.74	-3.37
0.52	1.72	-0.62
0	-0.37	9.14
0.19	-6.22	6.28
0.27	-5.14	7.09
0.27	-5.1	7.13
0.1	-5.74	7.86
0.11	-5.74	7.83
0.1	-5.75	7.86
0.1	-5.75	7.81
0.12	-5.74	7.85
0.09	-5.72	7.84
0.11	-5.74	7.85
0.1	-5.73	7.84
0.11	-5.74	7.83
0.1	-5.75	7.82
0.11	-5.73	7.83
0.11	-5.74	7.83
0.11	-5.74	7.83
0.12	-5.74	7.85
0.1	-5.74	7.85
0.1	-5.75	7.87
0.11	-5.74	7.86
0.11	-5.73	7.83
0.11	-5.72	7.84
0.12	-5.74	7.86
0.11	-5.74	7.85
0.1	-5.75	7.86
0.12	-5.73	7.83
0.1	-5.73	7.82
0.12	-5.72	7.84
0.12	-5.74	7.84
0.11	-5.74	7.85
0.1	-5.75	7.82
0.12	-5.73	7.86
0.11	-5.74	7.85
0.11	-5.75	7.85
0.11	-5.75	7.82
0.12	-5.72	7.84
0.1	-5.74	7.84
0.11	-5.72	7.82
0.12	-5.7	7.84
0.11	-5.72	7.83
0.09	-5.74	7.84
0.12	-5.74	7.86
0.09	-5.74	7.83
0.1	-5.74	7.83
0.12	-5.74	7.85
0.12	-5.72	7.84
0.11	-5.74	7.87
0.1	-5.73	7.85
0.1	-5.71	7.84
0.09	-5.72	7.83
0.1	-5.72	7.84
0.09	-5.74	7.85
1.39	0.09	0.91
-4.84	8.39	-10.07
4.22	12.84	11.54
1.32	0.59	0.47
-2.53	1.4	0.2
-2.22	3.58	0.82
-5.65	2.38	0
0.94	6.47	-11.11
-0.71	0.53	10.22
-0.11	1.18	-0.94
-1.72	0.19	1.03
0.74	0.92	4.72
-0.24	11.74	-7.66
6.29	7.52	2.11
2.26	9.98	-11.38
0.59	0.27	0.3
-0.34	0.28	2.86
0.89	0.14	0.07
0.35	0.12	-1.05
0.37	-0.65	2.47
2.97	-1.71	-6.79
1.05	0.21	0.34
-2.91	1.26	0.55
-0.59	0.15	-1.47
0.03	-4.45	-22.84
-6.06	2.26	5.34
-12.57	-1.2	-0.78
-3.12	4.52	-0.44
1.6	-9.85	7.63
-8.07	-1.3	-0.91
-0.08	1.01	-3.2
-15.57	0.25	-6.57
-4.61	9.42	1.07
-0.68	-1.65	2.23
-6.22	-3.01	21.4
-7.26	-2.22	-0.02
-2.34	-2.09	-12.01
-5.08	-0.42	-0.15
-0.29	2.8	-0.23
-16.93	-0.45	-8.16
-1.11	1.72	2.76
0.61	-2.34	0.94
0.5	1.58	-4.88
-16.93	3.06	-10.9
-12.62	-13.24	-21.65
0.43	-0.53	-3.86
0.66	1.38	-3.4
7.61	4.57	-2.74
7.83	-0.83	-6.94
-13.38	-7.49	-0.55
-4.3	-0.92	-1.07
-4.81	2.71	-2.91
-1.75	-0.21	10.89
-0.9	4.65	1.09
1.88	-0.15	-8.96
-2.69	1.74	-4.76
-2.64	-1.35	-9.91
-16.95	-6.76	-11.53
3.89	-0.06	-0.09
1.68	1.94	-1.37
-5.97	-18.54	-10.03
-0.7	-7.55	6.14
2.41	-5.02	6.62
-0.65	-6.83	5.48
0.18	-6.39	6.63
-5.45	0.37	-2.97
9	-4.14	2.43
-9.67	-5.97	4.6
12.26	-3.62	3.45
-1.75	0.98	-4.52
-4.48	-0.56	3.4
1.53	5.99	-5.39
-6.6	9.67	-3.41
3.89	4.42	-1.11
5.15	14.5	5.82
0.13	-8.57	-5.3
0.82	-7.67	-4.09
0.84	-7.68	-3.89
1.19	-8.65	-4.67
1.37	-8.59	-4.47
2.3	-8.12	-5.91
2.44	-8.14	-5.47
1.5	-8.3	-5.6
1.56	-8.34	-5.58
1.56	-8.36	-5.6
2.24	-8.09	-5.51
2.23	-8.13	-5.58
2.21	-8.13	-5.77
2.38	-8	-5.76
2.44	-8.18	-5.54
2.61	-8.11	-5.44
2.63	-8.03	-5.53
2.81	-7.81	-5.39
-12.07	-1.96	5.03
2.92	-1.74	5.89
7.1	12.39	-1.83
0.55	8.49	-1.33
0.65	8.79	-1.66
0.46	8.64	-0.22
1.49	8.89	-1.9
-7.91	1.91	-10.46
-1.95	-4.57	-17.6
-2.89	-6.62	-5.91
1.72	3.64	-7.29
-5.19	5.14	-1.17
16.79	-5.33	-3.77
-12.74	4.7	-9.33
-5.71	-1.82	-1.91
-6.91	-7.29	-2.56
12.57	-38.72	27.32
-0.14	-1.26	-0.28
17.33	7.87	19.18
1.98	-10.14	3.55
2.96	-9.73	3.75
-0.06	-9.67	3.71
-0.05	-9.66	3.72
-0.06	-9.68	3.72
-0.06	-9.67	3.72
-0.08	-9.66	3.73
-0.05	-9.68	3.71
-0.05	-9.66	3.72
-0.06	-9.67	3.74
-0.04	-9.58	3.89
-0.03	-9.57	3.91
-0.47	-9.6	3.91
-0.03	-9.56	3.93
1.05	-9.57	3.92
-0.04	-9.56	3.94
-0.03	-9.54	3.92
-0.03	-9.57	3.93
-0.03	-9.56	3.97
-0.03	-9.56	3.95
-0.04	-9.58	3.94
-0.01	-9.57	3.93
-8.51	-9.95	2.65
-12.98	-4.92	-1.44
-1.72	-5.63	-7.7
-5.16	-7.75	-0.44
-25.73	17	-34.05
-2.14	1.87	2.66
-2.25	-36.77	-23.41
13.72	18.16	-6.75
-0.16	7.27	-21.29
-16.28	-17.82	-10.79
-0.34	-3.03	-2.17
-7.61	3.26	1.85
-24.1	-12.1	14.15
0.93	-0.14	-0.26
4.12	9.14	-23.36
-5.77	-17.17	4.11
2.12	1.44	-6.26
0.32	-0.56	-4.24
-2.27	6.17	-0.27
15.77	-24.28	-18.35
-14.43	1.19	23.48
-3.64	21.88	2.19
-4.31	-9.58	0.75
-3.87	12.49	-7.71
-1.36	-1.51	8.43
-4.47	-1.72	1.12
-1.95	-8.15	1.46
-5.35	-1.44	-0.38
-3.38	-1.64	-1.52
-5.02	0.06	-3.08
-4.2	0.61	1.5
3.53	-8.96	3.58
16.13	-21.27	8.74
-4.38	-7.21	3.43
-9.11	0.12	7.65
-3.39	-0.34	-2.06
-11.5	-8.62	-2.89
1.3	-6.36	4.3
-7.24	-3.29	-2.75
-2.73	-1.58	-3.63
28.88	24.33	-5.02
-3.34	-0.7	1.69
13.99	36.84	28.82
33.51	23.73	13.03
6.38	-12.21	-6.09
2.84	-11.92	3.3
-1.78	-0.21	8.07
-10.21	9.2	-2.73
-1.23	-0.79	-0.49
0.25	-11.18	12.67
-0.62	-1.4	-0.78
5.85	7.35	26.94
0.3	0.89	3.39
-4.13	-0.91	-0.5
-9.92	1.62	-5.61
-1.94	-0.21	-0.82
-19.01	1.41	-11.55
-2.43	-1.23	2.18
-1.19	-4.18	-1.02
2.42	-1.27	-1.3
11.13	-29.73	30.05
-0.2	-0.49	-0.98
3.46	-19.86	-12.68
1.4	-4.08	-5.17
0.16	-10.18	-0.52
0.46	-8.63	4.94
0.44	-9.38	4.05
0.44	-9.36	4.1
0.44	-9.41	4.05
0.46	-9.38	4.06
0.46	-9.38	4.05
0.45	-9.37	4.09
0.44	-9.36	4.08
0.44	-9.39	4.05
0.44	-9.36	4.07
0.47	-9.37	4.1
0.46	-9.38	4.08
-1.47	-2.62	-1.28
-1.4	-1.65	-3.33
0.57	-1.16	-0.53
3.38	-0.92	-1.01
0.54	4.99	6.8
0.54	3.5	8
0.54	3.31	8.1
0.44	3.57	8.63
0.44	3.62	8.6
0.45	3.57	8.62
0.45	3.58	8.6
0.44	3.59	8.59
0.44	3.55	8.62
0.45	3.61	8.61
0.45	3.56	8.64
0.45	3.57	8.61
0.45	3.54	8.63
0.45	3.56	8.64
0.44	3.58	8.62
0.44	3.54	8.63
0.42	3.56	8.64
0.44	3.57	8.66
0.44	3.55	8.63
0.44	3.57	8.64
0.45	3.89	8.43
0.45	3.8	8.56
0.5	5.28	7.53
0.54	5.33	7.47
0.52	5.54	7.27
0.54	5.3	7.49
0.51	5.26	7.55
0.52	5.34	7.49
0.53	5.35	7.49
0.52	5.33	7.43
0.51	5.3	7.49
0.51	5.3	7.51
0.53	5.31	7.5
0.53	5.35	7.46
0.53	5.29	7.49
0.52	5.32	7.51
0.53	5.33	7.46
0.52	5.32	7.48
0.52	5.32	7.49
0.52	5.3	7.49
0.53	5.34	7.43
0.53	5.32	7.5
0.51	5.33	7.46
0.52	5.31	7.49
0.56	5.27	7.51
0.51	5.36	7.46
0.49	4.65	8
0.5	4.96	7.78
0.47	3.85	8.53
0.45	3.8	8.53
0.46	3.79	8.53
0.45	3.79	8.52
0.45	3.79	8.52
0.44	3.8	8.52
0.46	3.77	8.54
0.45	3.81	8.52
0.44	3.78	8.51
0.46	3.78	8.56
0.45	3.78	8.54
0.46	3.77	8.55
0.46	3.75	8.52
0.44	3.77	8.52
0.44	3.84	8.53
0.44	3.74	8.55
0.46	3.78	8.55
0.44	3.8	8.52
0.44	3.75	8.53
0.45	3.75	8.56
0.44	3.8	8.56
0.44	3.75	8.55
0.45	3.79	8.52
0.46	3.78	8.55
0.46	3.8	8.56
0.46	3.77	8.55
0.45	3.77	8.56
0.44	3.77	8.51
0.44	3.77	8.55
0.44	3.76	8.56
0.45	3.77	8.57
0.44	3.79	8.56
0.46	3.81	8.54
0.45	3.83	8.55
0.44	3.79	8.55
0.44	3.78	8.56
0.44	3.77	8.57
0.43	3.8	8.53
0.45	3.8	8.55
0.45	3.8	8.54
0.45	3.79	8.54
0.45	3.78	8.52
0.46	3.77	8.56
0.44	3.74	8.58
0.45	3.76	8.55
0.44	3.78	8.55
0.46	3.79	8.53
0.45	3.78	8.54
0.44	3.74	8.58
0.47	3.79	8.55
0.45	3.77	8.56
0.44	3.76	8.55
0.45	3.78	8.53
0.45	3.75	8.56
0.45	3.79	8.53
0.46	3.78	8.54
0.46	3.78	8.55
0.46	3.77	8.56
0.47	3.79	8.54
0.45	3.77	8.54
0.44	3.78	8.53
0.45	3.79	8.55
0.45	3.77	8.56
0.44	3.81	8.51
0.48	3.79	8.56
0.47	3.79	8.52
0.45	3.8	8.55
0.44	3.74	8.54
0.45	3.77	8.54
0.46	3.79	8.56
0.46	3.79	8.55
0.45	3.82	8.53
0.46	3.78	8.53
0.47	3.8	8.5
0.44	3.82	8.55
0.45	3.84	8.52
0.45	3.79	8.55
0.47	3.84	8.51
0.46	3.82	8.52
0.46	3.79	8.54
0.46	3.84	8.5
0.47	3.85	8.5
0.47	3.84	8.49
0.46	3.85	8.52
0.47	3.85	8.51
0.48	3.85	8.51
0.49	3.86	8.52
0.48	3.83	8.49
0.47	3.87	8.51
0.48	3.86	8.52
0.49	3.85	8.51
0.48	3.86	8.51
0.47	3.85	8.5
0.49	3.87	8.5
0.48	3.86	8.5
0.48	3.85	8.51
0.48	3.85	8.49
0.49	3.85	8.51
0.47	3.85	8.52
0.49	3.85	8.51
0.48	3.84	8.51
0.48	3.85	8.5
0.48	3.85	8.53
0.5	3.84	8.49
0.47	3.82	8.53
0.49	3.84	8.49
0.47	3.87	8.51
0.48	3.86	8.52
0.49	3.81	8.52
0.48	3.83	8.51
0.48	3.81	8.52
0.47	3.85	8.5
0.46	3.87	8.53
0.47	3.82	8.52
0.46	3.84	8.53
0.47	3.84	8.51
0.48	3.82	8.54
0.49	3.86	8.52
0.47	3.86	8.52
0.48	3.85	8.51
0.46	3.85	8.52
0.47	3.85	8.54
0.46	3.84	8.53
0.48	3.84	8.51
0.47	3.84	8.54
0.47	3.84	8.52
0.47	3.84	8.5
0.48	3.83	8.52
0.49	3.85	8.51
0.47	3.85	8.51
0.5	3.86	8.52
0.48	3.82	8.51
0.48	3.87	8.5
0.47	3.84	8.49
0.48	3.85	8.51
0.47	3.9	8.51
0.47	3.85	8.54
0.46	3.85	8.51
0.5	3.83	8.53
0.49	3.81	8.54
0.47	3.82	8.54
0.46	3.84	8.51
0.48	3.83	8.52
0.48	3.84	8.49
0.49	3.84	8.52
0.48	3.84	8.51
0.47	3.82	8.53
0.48	3.85	8.5
0.48	3.84	8.5
0.49	3.87	8.52
0.49	3.82	8.51
0.49	3.85	8.53
0.49	3.86	8.5
0.49	3.84	8.52
0.49	3.86	8.51
0.47	3.85	8.52
0.48	3.84	8.52
0.48	3.84	8.53
0.48	3.85	8.51
0.48	3.87	8.52
0.5	3.84	8.53
0.49	3.83	8.51
0.47	3.84	8.53
0.49	3.87	8.51
0.47	3.87	8.52
0.48	3.87	8.51
0.47	3.8	8.54
0.48	3.86	8.5
0.49	3.85	8.54
0.49	3.85	8.51
0.48	3.87	8.51
0.49	3.86	8.5
0.47	3.88	8.52
0.5	3.85	8.51
0.49	3.87	8.48
0.5	3.85	8.51
0.49	3.86	8.5
0.49	3.84	8.52
0.49	3.84	8.53
0.48	3.84	8.51
0.48	3.84	8.52
0.49	3.85	8.5
0.48	3.85	8.51
0.49	3.84	8.5
0.48	3.84	8.53
0.48	3.84	8.51
0.5	3.85	8.53
0.49	3.83	8.52
0.48	3.86	8.52
0.48	3.85	8.52
0.48	3.84	8.51
0.49	3.84	8.52
0.47	3.83	8.5
0.49	3.85	8.49
0.48	3.84	8.51
0.49	3.84	8.52
0.48	3.87	8.5
0.49	3.81	8.51
0.47	3.85	8.51
0.49	3.84	8.51
0.5	3.84	8.54
0.49	3.84	8.51
0.48	3.83	8.51
0.48	3.87	8.51
0.49	3.84	8.53
0.49	3.86	8.5
0.49	3.84	8.5
0.51	3.83	8.5
0.5	3.86	8.51
0.5	3.83	8.53
0.48	3.83	8.51
0.5	3.83	8.5
0.5	3.85	8.48
0.49	3.85	8.5
0.49	3.82	8.53
0.48	3.86	8.51
0.5	3.84	8.5
0.48	3.85	8.5
0.49	3.82	8.51
0.48	3.86	8.51
0.51	3.85	8.51
0.5	3.84	8.5
0.48	3.85	8.52
0.5	3.85	8.51
0.48	3.83	8.5
0.49	3.84	8.5
0.5	3.84	8.51
0.5	3.85	8.52
0.49	3.84	8.51
0.49	3.82	8.51
0.48	3.86	8.49
0.5	3.85	8.51
0.51	3.85	8.5
0.49	3.86	8.5
0.49	3.85	8.47
0.48	3.83	8.52
0.5	3.83	8.51
0.5	3.84	8.5
0.51	3.86	8.49
0.48	3.84	8.49
0.49	3.85	8.51
0.5	3.84	8.52
0.49	3.85	8.51
0.5	3.84	8.5
0.51	3.83	8.5
0.5	3.84	8.5
0.49	3.84	8.52
0.5	3.82	8.52
0.5	3.84	8.52
0.49	3.85	8.5
0.49	3.83	8.53
0.48	3.85	8.52
0.5	3.83	8.51
0.5	3.85	8.51
0.49	3.82	8.51
0.5	3.84	8.51
0.49	3.83	8.52
0.49	3.85	8.47
0.48	3.86	8.5
0.49	3.85	8.53
0.5	3.84	8.5
0.49	3.86	8.51
0.5	3.84	8.51
0.49	3.82	8.54
0.5	3.81	8.52
0.48	3.83	8.52
0.51	3.83	8.5
0.5	3.82	8.51
0.5	3.85	8.52
0.51	3.85	8.52
0.5	3.85	8.5
0.5	3.83	8.52
0.5	3.84	8.53
0.49	3.83	8.5
0.48	3.85	8.53
0.5	3.86	8.48
0.49	3.84	8.51
0.5	3.84	8.53
0.5	3.83	8.53
0.51	3.84	8.49
0.49	3.82	8.48
0.49	3.82	8.53
0.5	3.84	8.52
0.5	3.84	8.52
0.48	3.85	8.52
0.48	3.85	8.51
0.49	3.83	8.51
0.5	3.85	8.49
0.5	3.85	8.5
0.48	3.85	8.51
0.52	3.84	8.52
0.49	3.85	8.52
0.5	3.85	8.51
0.51	3.85	8.5
0.51	3.82	8.49
0.49	3.82	8.52
0.49	3.84	8.5
0.49	3.85	8.5
0.5	3.83	8.51
0.49	3.81	8.51
0.5	3.85	8.5
0.5	3.82	8.51
0.47	3.85	8.5
0.49	3.83	8.52
0.49	3.84	8.52
0.49	3.84	8.51
0.48	3.79	8.53
0.5	3.85	8.51
0.49	3.83	8.53
0.5	3.83	8.52
0.49	3.85	8.5
0.49	3.83	8.52
0.5	3.83	8.51
0.49	3.85	8.5
0.49	3.83	8.51
0.5	3.83	8.52
0.48	3.84	8.49
0.48	3.82	8.52
0.5	3.85	8.51
0.48	3.84	8.49
0.5	3.85	8.51
0.5	3.84	8.51
0.49	3.83	8.52
0.51	3.83	8.52
0.49	3.82	8.49
0.48	3.85	8.48
0.51	3.84	8.51
0.5	3.84	8.51
0.5	3.85	8.49
0.5	3.83	8.52
0.49	3.84	8.49
0.5	3.82	8.51
0.49	3.84	8.49
0.49	3.84	8.5
0.51	3.84	8.5
0.49	3.85	8.52
0.48	3.82	8.51
0.5	3.83	8.5
0.5	3.84	8.51
0.51	3.86	8.52
0.5	3.83	8.51
0.49	3.83	8.51
0.5	3.81	8.51
0.48	3.83	8.49
0.51	3.84	8.51
0.51	3.85	8.51
0.51	3.86	8.49
0.49	3.85	8.49
0.48	3.85	8.52
0.51	3.83	8.51
0.5	3.83	8.51
0.49	3.85	8.51
0.48	3.85	8.48
0.5	3.85	8.51
0.51	3.84	8.51
0.5	3.83	8.49
0.51	3.85	8.51
0.51	3.84	8.5
0.5	3.82	8.51
0.49	3.85	8.49
0.5	3.85	8.52
0.5	3.83	8.49
0.51	3.82	8.5
0.51	3.85	8.48
0.51	3.83	8.49
0.49	3.82	8.48
0.5	3.86	8.5
0.51	3.84	8.52
0.5	3.85	8.51
0.51	3.85	8.51
0.5	3.83	8.49
0.49	3.84	8.48
0.49	3.85	8.5
0.51	3.85	8.51
0.51	3.85	8.5
0.52	3.89	8.48
0.49	3.85	8.49
0.5	3.83	8.51
0.5	3.83	8.51
0.49	3.85	8.49
0.5	3.84	8.53
0.51	3.84	8.52
0.51	3.84	8.5
0.49	3.85	8.48
0.51	3.83	8.5
0.49	3.84	8.49
0.48	3.85	8.52
0.5	3.85	8.53
0.49	3.85	8.51
0.51	3.83	8.5
0.5	3.83	8.51
0.49	3.81	8.52
-0.98	2.48	10.35
-2.3	-1.53	7.37
-3.56	-4.84	8.18
-0.56	-4.29	10.3
0.42	-1.07	9.65
0.4	-1.53	9.65
0.17	-1.34	9.95
-0.77	-2.29	11.11
-2.8	-10.26	3.44
-6.82	-4.68	3.28
-5.09	-3.52	4.77
-7.5	-4.66	5.28
-7.49	-4.34	4.72
-7.38	-4.12	4.72
-6.71	-3.62	3.65
-7.34	-4.53	4.88
-9.02	-6.7	4.38
-7.39	-6.33	-0.54
-7.46	-4.94	-3.02
-7.45	-4.11	-4.21
-7.13	-7.57	1.21
-7.13	-6.03	-0.43
-7.23	-8.82	0.04
-7.21	-5.88	-0.94
-7.58	-6.25	-0.66
-7.18	-6.01	-0.61
-7.05	-5.24	-2.94
-7.28	-5.92	-3.91
-8.83	-8.93	1.29
-1.53	-7.25	3.49
2.62	-8.88	3.57
3.83	-9.63	0.8
3.3	-9.57	-1
3.48	-9.7	-0.78
3.45	-9.86	-1.06
2.37	-9.87	1.27
2.86	-10.66	-0.07
2.75	-9.53	0.04
4.76	-8.02	-0.19
7.86	-4.65	6.49
8.13	-4.51	3.8
8.95	-4.32	1.53
9.5	-3.01	0.58
9.24	-3.58	1.24
9.5	-3.48	1.4
9.39	-3.24	1.55
9.82	-4.14	2.87
2.08	-6.77	3.83
0.26	-5.83	1.58
1.78	-10.27	-0.7
2.48	-10.16	-1
2.27	-9.83	-1.26
2.21	-9.67	-1.27
2.38	-9.67	-1.12
2.32	-9.12	-1.6
2	-9.44	-1.62
4.15	-9.24	-2.61
3.65	-8.64	-1.83
3.36	-9.16	-1.77
3.37	-9.18	-1.51
3.46	-8.92	-2.66
3.32	-9.13	-0.54
8.5	-7.04	2.1
8.08	-3.82	1.58
9.14	-3.43	0.58
9.33	-3.37	0.48
9.08	-3.3	0.48
9.32	-2.9	0.74
9.34	-3.06	0.83
9.17	-2.92	0.79
9.32	-2.85	0.93
9.13	-3.07	0.62
9.31	-2.88	1.04
9.24	-3.25	1.08
8.83	-2.8	0.93
9.1	-2.65	1.62
9.55	-1.79	0.8
9.44	-1.77	0.94
8.77	-3.08	1.35
9.04	-4.25	1.37
8.38	-3.72	1.2
8.68	-4.8	0.86
4.47	-8.15	0.45
1.63	-9.76	2.47
3.5	-9.2	4.76
3.81	-9.45	1.39
2.35	-9.52	0.87
3.1	-9.47	2.04
2.53	-8.42	3.5
2.72	-8.18	3.76
2.33	-8.74	3.2
2.39	-9.23	3.44
2.62	-8.79	3.45
3.69	-8.75	3.18
3.68	-8.46	3.71
3.55	-7.77	4.85
5.98	-5.3	5.33
6.54	-5.54	7.59
5.67	-4.22	6.68
5.31	-3.91	7.1
5.22	-3.89	7.47
5.26	-3.8	7.16
5.17	-4.08	7.09
4.7	-6	0.82
3.25	-8.44	-5.09
2.47	-5.49	-7.93
0.28	-2.68	5.62
-0.82	0.59	9.14
-0.41	7.46	6.21
0.59	7.38	5.83
1.03	6.61	6.61
1.94	4.72	6.99
2.5	6.77	6.91
2.79	6.22	6.93
3.09	6.15	7.04
2.84	6.35	6.82
2.78	6.38	6.85
2.84	6.1	6.92
2.73	5.89	6.75
2.8	6.66	7.37
2.81	6.77	8.74
2.21	1.66	9.99
3.6	2.29	10.11
3.26	4.03	6.41
3.36	3.89	7.42
3.96	6.86	7.68
0.56	5.23	8.06
1.16	6.24	6.84
4.22	5.63	7.42
3.83	5.22	7.84
3.35	5.22	7.68
3.94	2.68	8.68
6.19	4.05	6.46
5.73	2.99	8.08
5.94	3.55	7.27
5.4	3.09	6.81
5.06	4.1	7.02
4.85	4.01	7.68
4.25	0.2	5.32
6.13	1.59	7.35
7.72	3	5.65
9.09	-2.15	2.4
9.26	0.8	0.94
10.2	-0.79	1.07
9.52	-0.87	1.42
9.92	-0.75	1.81
10.25	0.92	1.84
9.71	0.89	1.39
9.37	1.08	1.52
8.81	-0.52	1.26
10.2	-0.32	0.88
9.64	-0.04	1.16
9.74	-0.11	0.95
9.78	-0.56	1.47
9.39	0.93	1.58
9.41	-0.32	1.24
9.63	-1.81	1.98
9.76	-0.74	1.73
9.94	-0.06	1.08
10.88	0.72	-0.16
7.18	2.97	-1.86
4.82	4.46	-3.45
5.43	8.96	-0.44
5.85	7.46	-0.38
6.73	6.67	-0.8
9.74	4.59	-3.67
8.11	3.19	-4.31
8.46	3.9	-4.04
7.76	4.61	-4.24
7.78	3.07	-4.15
8.21	2.34	-4.31
8.4	2.43	-4.28
8.37	2.4	-4.15
8.44	2.54	-4.18
8.32	2.86	-4.2
8.05	3.19	-4.58
7.76	2.57	-4.89
7.81	2.82	-5.6
6.85	3.81	-6.07
7.15	2.56	-6.15
7.18	3.15	-5.42
7.59	3.34	-5.45
8.64	1.69	-4.14
7.88	1.62	-5.18
8.92	2.72	-5.49
9.46	3.93	-3.8
7.11	3.69	-4.85
6.3	4.63	-5.15
8.16	5.63	-5.31
7.44	4.42	-6.11
6.64	3.08	-7.02
7.44	2.39	-4.47
7.52	2.44	-5.56
9.47	0.87	-5.77
5.91	-2.88	-9.33
4.39	1.25	-7.96
5.58	1.66	-7.46
3.95	-2.24	-8.63
2.33	9.95	3.44
2.75	-2.28	8.5
3.05	-4.43	6.55
4.76	-8.19	3.81
2.84	-9.22	-0.34
3.48	-9.05	0.45
3.39	-9.2	0.34
3.39	-9.2	0.15
3.45	-8.64	-0.58
4.63	-6.81	5.05
4.87	-6.07	6.04
2.73	-6.29	6.79
2.91	-5.87	7.24
4.58	-6.56	6.99
2.11	-4.33	8.41
2.08	-3.73	8.98
3.52	-1.91	8.87
3.11	-2.46	8.97
3.31	-2.72	8.93
3.1	-2.94	9.59
3.81	-9.1	1.46
2.5	-8.81	3.73
4.13	-6.56	7.28
3.45	-7.66	5.36
3.11	-6.41	6.68
2.97	-6.06	6.95
2.88	-5.93	7.27
3.02	-5.77	7.27
3.2	-6.14	6.77
2.92	-9.49	3.29
2.22	-9.29	-3.59
2.4	-8.48	-4.26
2.42	-8.39	-4
2.31	-8.3	-3.73
3.14	-8.54	-4.56
2.23	-7.53	-5.37
2.42	-8.35	-4.69
3.54	-8.91	0.67
2.92	-7.22	6.6
4.64	-6.37	6.23
6.25	-5.92	3.52
6.64	-6.35	-1.14
2.62	-9.04	-2.56
3.45	-7.8	-3.49
2.95	-6.57	-4.62
3.02	-6.69	-4.75
2.75	-6.6	-3.19
4.17	-10.7	-8.86
2.01	-10.34	-4.93
3.14	-10.08	-4.03
1.3	-8.88	-4.51
4.4	-6.53	-3.56
3.66	-6.94	-2.73
4.47	-7.67	-3.28
4.58	-5.67	-1.88
4.36	-8.95	-2.32
4.02	-7.7	-0.74
4.23	-6.74	-1.13
5.2	-7.65	0.25
5.43	-9.63	-2.22
6.47	-10.02	0.17
7.33	-12.46	-1.82
6.06	-10.47	-1.01
5.24	-9.34	-1.38
4.55	-9.02	-1.13
4.43	-7.33	-2.18
4.77	-8.76	-0.01
4.35	-6.52	-0.01
3.62	-5.55	0.94
5.96	-6.51	1.21
6.85	-7.34	1.05
5.89	-6.71	0.88
7.38	-6.62	0.01
5.47	-7.07	1.47
7.17	-7.44	-0.36
7.79	-7.89	0.88
7.41	-10.49	-1.28
4.91	-10.27	1.3
5.33	-10.54	-0.98
2.08	-11.72	2.34
6.13	-10.33	-0.59
4.93	-12.26	1.17
5.58	-10.33	0.5
3.72	-12.15	2.06
3.95	-12.67	2.05
2.83	-13.6	4.49
5.73	-11.39	-0.43
1.96	-12.24	1.92
7.36	-9.71	-3.43
8.84	-10.67	3.36
7.1	-6.45	0.36
6.83	-6.86	1.26
7.15	-5.25	0.32
7.91	-7.75	1.15
7.03	-4.33	0.76
5.79	-6.16	0.76
5.96	-4.42	0.14
6.23	-5.95	0.13
6.08	-3.58	0.99
5.76	-4.37	-0.22
6.73	-4.14	0.58
10.47	-2.92	-0.45
10	-7.42	1.91
9.81	-6.92	-0.84
11.81	-4.27	1.06
9.71	-7.96	0.16
11.44	-4.73	2.01
11.43	-8.31	0.2
9.96	-8.04	1.14
12.52	-4.54	0.08
10.04	-7.56	1.41
11.94	-8.86	-0.2
12.58	-6.65	1.37
11.49	-5.39	0.6
9.95	-5.25	1.71
9.31	-7.7	-0.64
10.16	-7.23	-0.97
9.38	-6.13	-0.3
6.95	-6.2	-0.16
5.46	-4.25	0.12
5.54	-4.72	1.01
7.46	-3.9	-0.02
10.26	-3.13	-1.88
10.43	-4.12	1.11
10.48	-5.03	-1.49
9.6	-3.96	0.89
12.74	-6.02	0.04
9.83	-7.61	-0.32
10.51	-5.7	-0.24
10.09	-7.53	0.68
9.97	-4.28	-0.82
10.51	-5.95	-1.1
10.29	-5.21	-0.72
10.72	-6.73	-0.95
10.52	-6.42	-1.64
11.91	-7.34	1.28
12.82	-5.08	-2.39
10.7	-4.33	0.44
13.1	-6.45	-2.07
11.87	-5.57	1.04
12.42	-5.39	-0.97
10.39	-6.3	0.26
11.13	-7.09	-1.53
10.16	-7.56	0.5
9.79	-5.46	-0.3
8.22	-8.58	0.71
9.56	-5.93	-0.08
6.66	-6.51	0.85
8.21	-4.58	0.08
8.42	-7.17	1.97
6.07	-4.34	1.07
8.83	-7.74	2.05
9.89	-5.02	-0.27
13.58	-6.24	2.27
13	-6.72	0.7
11.71	-6.33	2.67
10.93	-6.26	-1.44
11.91	-3.79	1.64
9.93	-4.56	-0.2
9.09	-2.78	2.13
12.25	-3.43	-2.19
10.36	-2.94	2.7
9.75	-3.54	-1.69
8.14	-2.9	0.76
5.43	-2.66	0.3
5.53	-2.77	1.63
5.59	-3.08	1.14
6.57	-4.14	2.11
6.2	-4.55	1.87
5.18	-2.87	1.82
6.7	-4.16	2.4
5.38	-3.91	1.59
5.94	-4.11	0.65
5.43	-3	2.02
6.31	-4.2	1.13
5.9	-4.28	1.54
7.33	-5.92	2.23
6.57	-4.67	2.27
7.41	-5.53	2.34
5.73	-3.68	0.96
6.45	-4.14	1.52
5.58	-2.99	1.08
5.83	-3.49	0.05
8.53	-3.84	0.81
13.49	-4.08	-1.33
11.29	-4.09	2.87
8.92	-4.11	-1.57
12.58	-3.84	1.15
11.32	-3.68	-1.6
11.35	-2.42	2.44
12.55	-2.4	-0.29
11.39	-2.58	1.77
12.02	-3.04	0.03
10.79	-2.14	2.89
8.2	-4	1.32
12.62	-3.15	3.01
14.06	-4.1	2.1
12.25	-5.59	4.25
12.76	-6.14	3.3
10.57	-5.99	3.41
10.24	-6.49	1.66
10.4	-8.19	3.04
9.43	-6.01	0.31
12.79	-3.81	3.18
12.21	-4.72	0.58
8.84	-3.18	3.08
10.83	-2.97	1.04
8.02	-2.32	2.87
6.27	-2.52	2.25
5.24	-3.31	1.22
5.86	-2.27	2.48
3.22	-2.45	2.43
4.93	-1.88	3.36
4.22	-2.58	2.45
4.35	-2.31	5.25
5.5	-0.68	4.52
5.22	-0.26	5.62
5.42	-3.2	4.83
4.99	-2	4.36
5.5	-1.2	5.29
5.04	-0.12	4.89
5.35	-1.05	4.23
5.04	0	5.66
5.68	-1.75	3.94
6.16	0.29	6.91
7.06	-0.85	5.73
7.61	1.51	6.72
8.67	-1.82	6.44
10.1	2.58	8.28
12.44	-1.69	2.86
11.01	-1.17	1.51
9.11	-3.47	2.71
9.34	-2.61	0.98
8.3	-2.03	1.41
9.06	-1.81	1.16
9.26	-2.83	0.04
11.52	-1.8	0.13
10.73	-3.05	2.02
12.65	-1.28	-0.23
12.36	-2.49	-0.84
12.35	-2.44	0.07
14.45	-4.44	-0.18
13.98	-4.21	0.52
15.07	-4.25	-1.66
11.25	-1.22	0.41
13.06	-2.41	-2.5
9.79	-2.76	0.04
12.05	-1.11	-1.85
13.2	-1.25	-1.26
14.77	-0.77	-5.4
12.27	0.18	0
10.31	-2.79	-2.54
12.78	-0.7	-1.45
9.62	-1.59	-0.72
11.75	0.41	-0.71
10.68	-0.11	-4.3
9.96	1.05	-4.95
16.09	-1.88	-5.37
12.12	-3.3	-0.17
12.12	-5.82	1.32
13.29	-1.06	-3.28
12.85	-2.68	-3.27
12.52	-1.71	-1.37
11.98	-4.4	-2.51
12.97	-2.15	-3.77
15.37	-2.43	-0.72
16.26	0.77	-3.81
13.1	0.29	-3.56
10.68	0.45	-1.91
7.78	-2.69	0.73
10.79	-0.2	-0.89
10.13	-2.77	0.71
10.81	-0.04	-2.08
9.96	-1.48	-4.5
10.5	-0.84	-1.63
7.75	-1.86	-2.9
10.25	0.49	-1.42
8.33	-1.24	-1.52
9.43	0.2	-1.21
10.48	-2.3	-1.19
8.58	-0.54	-0.96
8.71	-2.01	-2.65
7.43	-0.51	-1.01
4.78	-1.5	-2.12
4.75	-1.32	-0.95
6.22	-1.82	-1.63
7.55	-1.56	-0.6
6.98	-2.73	-2.07
8.51	-1.52	-2.1
7.08	-2.69	-1.25
6.62	-1.85	0.44
7.35	-2.73	-2.86
5.49	-4.59	0.31
8.89	-3.48	-3.28
6.88	-2.92	-0.33
5.41	-1.17	-1.7
5.67	-1.64	-0.3
6	-0.84	-1.89
7.33	-2.11	-1.41
7.76	-4.38	0.82
10.85	-2.18	-2.44
12.54	-2.56	-6.08
11.74	-0.8	-1.44
12.2	-4.11	-2.03
12.81	-3.1	-0.5
11.66	-5.92	0.83
10.84	-3.17	0.94
13.85	-4.41	-0.75
13.23	-1.67	-1.36
9.86	-2.7	-2.1
8.92	-1.96	-0.52
8.04	-2.86	-1.52
8.03	-2.15	-0.12
6.26	-2.07	-0.98
6.29	-2.18	0.12
7.22	-1.63	-1.42
7.39	-1.57	-0.63
6.4	-1.31	-1.32
6.06	-2.32	0.37
7.21	-2.35	-1.38
7.94	-2.93	-2.26
6.96	-2.76	-2.54
5.18	-2.6	-0.5
5.2	-2.36	-0.44
8.8	-1.17	-0.77
7.75	-3.15	-2.41
8.18	-2.2	-0.94
7.39	-3.04	-2.3
10.33	-2.6	-2.24
7.21	-3	-2.9
8.8	-2.7	-1.39
8.15	-3.35	-2.43
6.14	0.47	0.08
8.41	-5.3	1.51
9.47	0.14	-0.6
15.91	-1.64	-7.9
11.19	-0.21	-6.39
11.68	-5.19	-1.66
11.05	-2.53	-2.79
8.66	-2.54	2.29
8.67	-5.64	-2.8
8.94	-3.14	-0.37
6.46	-2.3	-1.76
6.2	-1.04	-1.2
8.18	-4.53	-3.29
8.45	-1.14	0.26
7.97	-2.59	-3.57
10.7	-1.09	-0.54
10.76	-0.65	-6.76
8.29	-0.6	-0.03
7.58	-1.97	-2.01
8.74	-0.9	-1.68
7.43	-1.89	-3.21
8.67	-1.7	-0.14
12.52	-1.59	-6.56
12.81	1.52	-6.77
9.74	-2.18	-7.31
9.35	-0.74	-1.72
11.65	-2.36	-2.96
8.23	-3.75	0.49
10.54	-5.55	2.26
12.89	-3.82	-0.33
10.97	-4.97	1.41
10.59	-5.16	-1.79
8.94	-5.08	2.02
13.28	-2.73	-1.16
13.04	-6.64	0.37
11.84	-5.9	-0.4
7.64	-3.88	1.67
11.22	-4.74	-2.03
7.54	-2.41	-0.68
6.85	-2.08	-1.72
6.92	-2.54	-0.41
5.01	-2.48	-2.05
5.28	-2.73	1.33
5.75	-2.6	-2.18
7.95	-3.04	0.62
10.73	-5	-2.03
6.92	-1.69	-0.6
12.79	-4.54	-0.34
9.1	-4.25	1.44
11.15	-3.74	0.22
8.14	-4.75	1.14
11.21	-3.51	-0.99
8.25	-5.35	0.92
10.15	-4.23	-0.59
6.46	-3.32	-0.01
8.22	-2.91	-2.76
7.11	-2.25	-0.4
5.78	-2.68	-3.39
7.26	-2.58	-0.3
6.07	-2.61	-0.2
8.01	-1.96	-0.86
8.21	-1.76	-2.27
13.88	-1.34	-4.89
14.1	-4.57	-5.26
9.47	0.86	-5.49
10.57	-6.1	0.71
11.8	-4.45	-0.34
10.71	-3.82	-0.73
14.16	-3.43	-1.97
9.37	-4.94	-0.08
8.87	-3.77	-1.86
6.68	-1.62	0.09
6.39	-3.69	-1.02
7.31	-3.77	-1.75
5.36	-2.57	-1.47
7.39	-1.39	-0.41
6.02	-2.5	-1.96
6.58	-2.66	-0.57
8.34	-3.89	-2.4
6.31	-3.46	-0.12
7.11	-2.78	-0.76
7.24	-2.63	0.98
7.56	-3.23	-1.24
6.52	-2.6	-0.74
5.9	-3.12	-1.25
5.63	-1.93	-0.43
5.03	-2.17	-1.46
6.15	-2.31	-0.92
4.95	-3.93	-3.2
6.79	-2.54	-0.98
9.52	-1.81	0.27
12.29	-0.07	0.4
13.07	-1.62	-6.46
13.73	-1.89	-7.1
9.3	-5.03	1.93
6.95	-4.99	-0.97
8.11	-3	0.23
8.19	-3.2	-0.98
5.71	-1.82	-0.33
7.01	-2.34	-0.11
5.68	-1.88	-1.18
5.89	-2.77	-3.24
8.46	-3.34	-1.24
5.14	-0.19	-0.83
7.04	-2.08	-1.37
6.78	-2.75	-2.39
6.21	-3.35	-0.55
7.77	-3.39	-2.41
5.65	-3.09	-1.57
5.52	-2.02	-3.01
8.56	-2.89	-1.43
6.67	-2.57	-1.75
10.09	-1.18	-1.86
12.78	-1.91	-4.02
9.51	-1.31	-4.47
13.84	-4.45	-5.53
11.68	-4.69	-4.04
15.44	-4.39	-5.71
11.33	-2.3	-6.11
11.1	-3.08	-3.34
12.71	-0.84	-5.03
11.61	-2.64	-5.05
11.14	-0.52	-2.88
9.78	-3.33	-5.56
11.14	-4.34	-0.3
8.1	-4.84	-0.54
8.67	-2.78	-0.84
7.37	-3.05	-2.76
6.21	-2.26	-1.19
4.44	-1.53	-2.43
5.94	-2.17	-1.39
5.29	-1.79	-1.84
6.69	-2.4	-0.05
8.72	-4.19	-2.82
8.39	-3.01	0.4
7.75	-4.2	-1.86
6.5	-3.04	-0.58
6.41	-2.87	-2.27
5.98	-1.7	-0.96
6.75	-2.85	-3.09
6.94	-3.06	-0.16
5.92	-3.17	-1.38
5.3	-2.43	-0.02
7.21	-4.07	-2.88
8.02	-4.11	-0.24
9.51	-5.76	-3.49
7.74	-4.16	0.26
7.94	-4.4	-3.22
6.79	-3.19	-0.81
7.1	-4.9	-1.11
7.99	-3.56	-1.39
7.23	-3.44	-3.56
8.14	-2.32	-2.59
8.78	-3.29	-1.55
10.5	0.68	-3.33
8.85	5.7	-1.15
7.95	5.52	-2.16
8.28	5.68	-2.65
9.64	1.63	-2.22
8.85	-3.45	-2.87
8.6	-2.76	-1.68
8.01	-5.45	-2.32
7.27	-4.93	-4.2
6.37	-5.99	-1.57
10.92	-1.48	1.49
7.88	-1.42	5.17
4.75	3.01	6.16
6.45	4.2	7.69
1.58	7.41	6.17
1.28	9	10.1
0.08	6.23	7.01
-0.15	-4.36	9.5
-1.2	-3.26	9.86
-0.09	-4.12	8.87
0	-4.24	9.08
-0.03	-4.06	8.9
-0.19	-3.96	8.89
-0.28	-4.14	8.92
-0.37	-3.92	8.86
-0.19	-3.98	8.88
-0.1	-4.12	9.04
-0.09	-4.27	9.16
-0.34	-3.89	8.99
-0.26	-3.93	8.96
-0.22	-4.05	8.67
-0.33	-4.06	9.27
-0.43	-4.09	9.05
-0.08	-4.08	9.19
-0.24	-3.9	8.56
-0.1	-4.22	9.05
-0.32	-4.05	8.97
-0.06	-4.19	8.93
-0.32	-3.78	8.85
-0.27	-4.19	9.27
-0.27	-3.79	8.94
-0.16	-4.22	9.14
-0.09	-4.17	9.22
-0.12	-3.94	9.13
-0.12	-4.21	9.27
-0.35	-4.14	9.07
-0.17	-3.96	8.94
-0.17	-4.06	9.14
-0.35	-3.88	8.95
-0.03	-4.39	9.25
-0.72	-4.14	8.9
-0.24	-3.96	8.75
-0.2	-3.85	8.86
-0.27	-3.86	8.63
-0.2	-4.22	9.32
-0.14	-4.16	9.12
-0.31	-4.03	8.9
-0.16	-3.96	9.05
-0.09	-3.94	9.25
-0.18	-4.16	9.08
0	-4.11	8.96
-0.25	-4.13	8.99
-0.15	-3.83	8.4
-0.42	-3.99	9.25
-0.2	-3.85	9.42
-0.28	-4.04	9.15
-0.37	-3.62	8.54
-0.04	-4.02	8.4
-0.17	-4.04	8.75
-0.19	-4.22	9.58
-0.38	-4.01	9.23
-0.4	-3.62	8.5
-0.36	-3.55	8.49
-0.1	-4	9.15
-0.09	-4.18	9.35
-0.3	-4.14	9.36
-0.04	-4.22	9.32
0.2	-4.27	9.36
-0.23	-3.82	8.7
-0.28	-4.05	9.24
-0.17	-3.89	9.04
-0.28	-3.8	8.42
-0.44	-3.95	8.65
-0.15	-4.11	9.4
0.12	-4.13	9.31
-0.22	-3.77	8.85
-0.22	-3.98	9.03
-0.11	-4.16	9.22
-0.32	-3.93	8.8
-0.18	-3.95	9.11
-0.05	-4	9
-0.39	-3.83	9.03
-0.23	-3.97	8.98
-0.04	-4.09	9.14
-0.23	-4	9
-0.38	-3.95	8.98
-0.21	-3.92	8.76
-0.34	-3.96	8.99
-0.24	-3.76	8.82
-0.16	-4.14	9.05
-0.27	-3.86	8.89
-0.16	-3.99	8.91
-0.29	-3.92	8.98
0.03	-3.91	8.91
-0.2	-3.95	9.12
-0.18	-3.9	8.79
-0.18	-3.98	8.94
-0.04	-4.03	8.82
-0.25	-3.9	9
-0.17	-4.13	9.17
-0.1	-4.16	9.25
-0.15	-3.95	8.87
-0.2	-3.88	8.92
-0.22	-3.85	9.04
-0.33	-3.97	8.93
0	-3.95	9.04
-0.26	-3.85	8.96
-0.24	-4.17	9.17
-0.12	-3.91	8.88
-0.19	-3.93	9.07
-0.1	-3.87	8.77
-0.21	-4.06	9.07
-0.38	-3.92	8.92
-0.21	-4.11	9.07
-0.12	-3.99	9.07
-0.1	-3.88	8.91
-0.14	-4.02	8.87
-0.16	-3.96	8.61
-0.21	-4.11	8.98
-0.19	-3.53	8.25
-0.3	-4	9.21
-0.28	-3.87	9.06
0.18	-3.97	9.03
-0.07	-4.14	8.98
-0.18	-3.86	8.85
-0.39	-3.8	8.89
-0.2	-4.01	8.83
-0.28	-3.92	8.99
-0.54	-3.89	8.84
-0.44	-4.23	9.29
-0.45	-3.97	9.04
-0.31	-4	8.77
-0.12	-3.99	8.84
-0.21	-3.95	8.83
-0.18	-3.98	9.1
-0.21	-4.04	9.1
-0.26	-3.76	8.75
-0.23	-4.03	8.98
-0.19	-3.96	9.1
-0.19	-4.02	9
-0.17	-3.99	9.02
0.24	-3.82	8.87
-0.2	-4.06	9.19
-0.2	-3.95	9.01
-0.18	-4	8.94
-0.27	-4.13	9.19
-0.27	-4.05	9.04
-0.3	-3.78	8.81
-0.23	-4.08	9.06
-0.15	-4.17	9.25
0.4	-4.35	9.52
0.06	-5.07	10.72
-0.16	-3.85	8.57
-0.51	-3.94	9.01
-0.32	-3.84	8.56
-0.04	-4.34	9.3
-0.21	-3.94	8.81
-0.24	-3.99	8.97
-0.19	-4.04	8.99
-0.18	-4.12	8.89
-0.15	-4.01	8.84
-0.16	-4.02	9.01
-0.16	-3.88	9.07
-0.21	-4.03	9.01
-0.16	-3.76	9.19
-0.12	-4.1	9.07
-0.18	-4.13	9.09
-0.21	-4.02	8.79
-0.2	-4.2	9
-0.21	-4.09	8.95
-0.3	-4.12	9.04
-0.17	-4.13	9.01
-0.14	-4.03	8.91
-0.18	-4.12	8.93
-0.21	-4.16	8.94
-0.36	-4	8.86
-0.21	-4.36	8.64
-0.06	-4.57	9.78
0.72	-8.96	4.68
-0.12	-9.23	4.27
-0.16	-8.92	4.11
-0.27	-8.93	3.94
-0.18	-9.16	4
1.45	-11.15	4.07
0.05	-8.76	3.2
-0.38	-8	5.61
0.01	-8.56	5.77
-0.02	-8.16	5.64
0.18	-8.46	5.58
-0.16	-8.27	5.44
0	-8.56	5.83
-0.05	-8.35	5.6
-0.09	-7.91	5.38
0.31	-7.95	5.14
-0.13	-8.27	5.5
0.12	-8.41	5.62
-0.01	-8.05	5.63
-0.08	-8.09	5.4
-0.05	-8.18	5.4
0	-8.27	5.4
-0.04	-8.44	5.57
-0.08	-8.49	5.35
-0.27	-7.82	5.31
-0.1	-8.34	5.76
0.16	-8.36	5.44
-0.03	-8.1	5.58
-0.06	-8.06	5.42
-0.18	-8.14	5.6
0.02	-8.24	5.54
0	-8.13	5.53
0	-8.21	5.46
-0.05	-8.08	5.42
-0.23	-8.16	5.58
-0.04	-8.48	5.68
-0.19	-7.88	5.61
-0.38	-7.97	5.38
-0.43	-7.5	5.53
-0.06	-8.63	5.68
-0.01	-8.23	5.62
-0.14	-8.3	5.57
0.2	-8.45	5.25
-0.03	-8.16	5.6
0	-8.1	5.18
-0.31	-8.03	5.84
0.01	-8.08	5.41
-0.35	-8.08	5.9
0	-8.1	5.37
-0.15	-7.89	5.61
0.04	-8.46	5.58
-0.11	-8.37	5.79
-0.06	-8.01	5.78
0.08	-7.99	5.37
-0.03	-7.93	5.27
-0.11	-8.02	5.34
0	-8.4	5.57
0.1	-8.23	5.27
-0.39	-7.97	5.64
-0.11	-8.15	5.42
0.03	-8.12	5.5
-0.09	-8.52	5.62
-0.14	-8.15	5.53
-0.14	-7.87	5.47
-0.06	-8.21	5.52
-0.04	-8.2	5.68
-0.11	-8.08	5.55
0.11	-8.15	5.6
-0.02	-8.05	5.45
-0.12	-8.28	5.54
0.56	-9.93	5.3
-0.03	-8.14	5.29
-0.18	-8.45	5.75
-0.1	-8.26	5.45
0	-8.05	5.36
-0.09	-8.33	5.63
0	-8.22	5.6
0.01	-8.16	5.63
-0.12	-8.25	5.37
-0.09	-8.31	5.53
0.01	-8.18	5.56
-0.02	-8.36	5.34
-0.08	-8.24	5.54
-0.05	-8.1	5.42
-0.14	-8.22	5.55
0.24	-8.2	5.45
-0.09	-8.12	5.27
-0.04	-8.3	5.38
-0.04	-8.21	5.32
-0.02	-8.26	5.48
-0.11	-8.01	5.38
-0.01	-8.05	5.3
-0.11	-8.21	5.47
0	-8.35	5.48
-0.17	-8.16	5.56
-0.04	-8.24	5.36
-0.07	-8.24	5.68
-0.1	-8.19	5.25
-0.04	-8.31	5.34
0.01	-8.28	5.46
-0.08	-7.97	5.61
0.01	-8.25	5.49
-0.24	-7.95	5.68
0	-8.21	5.49
0.03	-8.14	5.24
-0.16	-8.25	5.66
-0.21	-8.14	5.43
-0.1	-8.14	5.59
-0.27	-8.14	5.53
0.04	-8.04	5.52
0.02	-8.31	5.35
-0.06	-8.33	5.63
-0.21	-8.11	5.53
-0.12	-8.27	5.49
-0.08	-8.3	5.44
0	-8.39	5.48
-0.12	-8.19	5.52
-0.07	-8.25	5.49
-0.19	-8.38	5.55
0	-8.35	5.51
-0.05	-8.15	5.55
-0.4	-7.92	5.56
-0.19	-8.4	5.67
-0.05	-8.24	5.56
-0.09	-8.3	5.52
-0.03	-8.36	5.53
-0.08	-8.13	5.34
-0.16	-8.27	5.55
-0.09	-8.11	5.6
-0.05	-8.2	5.53
-0.24	-8.03	5.45
-0.1	-8.08	5.47
0.04	-8.84	5.67
-0.08	-8.25	5.57
-0.06	-8.24	5.42
-0.08	-8.18	5.68
-0.09	-8.24	5.51
-0.12	-8.13	5.46
0	-8.28	5.49
-0.14	-8.13	5.58
-0.04	-8.42	5.48
-0.1	-8	5.4
-0.05	-8.22	5.5
0	-8.4	5.57
-0.11	-8.24	5.5
-0.11	-8.27	5.67
-0.14	-8.37	5.7
-0.01	-8.34	5.47
-0.08	-8.23	5.38
-0.09	-8.17	5.62
-0.08	-8.15	5.51
-0.05	-8.34	5.58
-0.07	-8.11	5.49
-0.11	-8.12	5.35
-0.09	-8.17	5.55
0	-8.57	5.69
-0.07	-8.26	5.56
-0.08	-8.28	5.44
-0.09	-8.15	5.49
-0.12	-8.22	5.6
-0.03	-8.24	5.5
-0.06	-8.23	5.54
-0.08	-8.19	5.47
-0.06	-8.29	5.51
-0.06	-8.19	5.47
-0.16	-8.06	5.35
-0.09	-8.13	5.43
-0.16	-8.06	5.42
-0.1	-8.23	5.49
-0.11	-8.17	5.42
-0.02	-8.13	5.41
-0.19	-8.12	5.46
-0.06	-8.11	5.47
-0.15	-8.17	5.57
-0.05	-8.21	5.47
-0.04	-8.2	5.47
-0.03	-8.16	5.44
-0.05	-8.3	5.51
-0.04	-8.19	5.47
-0.12	-8.16	5.43
-0.15	-8.08	5.4
-0.11	-8.14	5.53
-0.02	-8.19	5.5
-0.1	-8.07	5.44
-0.08	-8.23	5.45
-0.02	-8.29	5.42
-0.16	-8.12	5.27
-0.04	-8.18	5.41
-0.65	-8.87	5.94
-0.23	-8.15	5.45
-0.11	-8.17	5.35
-0.12	-8.03	5.33
-0.04	-8.17	5.51
-0.06	-8.19	5.44
-0.03	-8.34	5.51
-0.09	-8.3	5.34
-0.12	-8.28	5.58
-0.09	-8.21	5.42
-0.02	-8.26	5.58
-0.08	-8.06	5.26
-0.06	-8.31	5.53
-0.14	-8.11	5.37
-0.06	-8.38	5.46
-0.09	-8.36	5.57
-0.17	-8.33	5.44
-0.15	-8.23	5.31
-0.09	-8.39	5.63
-0.17	-8.27	5.45
-0.18	-8.2	5.29
-0.06	-8.31	5.36
-0.13	-8.14	5.38
-0.07	-8.35	5.39
-0.06	-8.26	5.35
-0.09	-8.23	5.5
-0.05	-8.13	5.34
-0.07	-8.03	5.28
-0.05	-8.35	5.45
-0.11	-8.29	5.4
-0.14	-8.2	5.23
0.12	-8.84	5.66
0.04	-8.29	5.35
-0.09	-8.44	5.25
-0.13	-8.39	5.27
-0.18	-8.4	5.16
0	-8.75	5.02
-0.11	-8.52	4.95
-0.09	-8.53	5
-0.18	-8.51	5.08
-0.23	-8	4.9
-0.16	-8.46	5.15
-0.13	-8.38	5.14
-0.05	-8.46	5.19
-0.09	-8.51	5.21
-0.09	-8.44	5.2
-0.04	-8.42	5.2
-0.07	-8.4	5.04
-0.09	-8.4	5.07
-0.05	-8.53	5.25
-0.18	-8.3	4.97
-0.05	-8.38	5.09
-0.07	-8.43	5.1
-0.14	-8.82	4.67
-0.02	-6.81	6.62
-0.12	-8.79	4.68
-0.25	-9.13	2.32
-0.21	-8.73	2.82
-0.08	-9.57	2.78
0.27	-8.63	3.75
-0.03	-9.44	2.83
-0.07	-10.31	1.32
-0.02	-9.65	3.19
-0.02	-9.51	3.49
-0.04	-8.67	5.09
-0.34	-9.24	3.87
0.14	-8.18	4.83
-0.12	-8.35	4.87
-0.06	-8.6	4.84
-0.01	-8.69	5.01
-0.02	-8.77	4.96
-1.09	-5.82	8.06
0.09	1.05	9.69
0.01	-0.87	9.67
0.11	2.34	8.96
0.18	1.12	9.67
0.05	0.9	10.04
0.29	0.43	10.09
0.09	-0.45	9.56
-0.1	-0.84	9.85
-0.07	-0.05	9.46
0.53	0.24	9.87
0.3	-0.21	9.98
0.01	-0.17	9.73
0.1	-0.45	9.63
0.13	-0.24	9.91
0.19	-0.16	9.7
0.36	-0.24	9.93
0.1	-0.69	9.61
0.03	-0.27	9.7
0	-0.12	9.57
0.12	-1.15	9.87
-0.01	-0.74	9.68
0.15	-0.81	9.75
0	-1.2	9.88
0.12	-1.21	9.96
0.07	-1.26	9.86
0.15	-1.3	9.79
0.08	-0.8	9.53
-0.05	-1.45	9.45
0.2	-1.68	10.22
0.04	-1.66	9.33
0.06	-2.81	9.96
0.1	-2.34	9.89
0.34	-1.88	9.96
-0.21	-2.59	8.98
0.12	-1.81	9.72
-0.01	-1.77	9.35
0.02	-1.54	9.66
0.31	-1.41	10.51
-0.45	-1.91	9.33
1.67	7.43	1.29
0.44	9.02	2.36
0.39	8.25	-4.91
0.52	9.01	-1.18
0.53	9.74	-1.31
0.41	9.55	-0.95
0.25	8.69	-1.68
0.27	9.09	-3.09
0.18	8.89	-1.69
0.53	10.04	-1.31
0.39	9.18	-0.09
0.96	8.64	1.93
0.53	9.62	0.39
0.95	6.53	-7.71
0.42	5.35	-7.63
0.11	2.15	-8.49
0.13	0.46	-9.39
0.6	-2.03	-9.25
-0.08	-0.9	-8.7
0.01	-0.33	-9.53
0.4	1.44	-9.32
0.18	-1.27	-9.48
0.45	-1.25	-9.52
0.12	0.97	-9.27
0.34	1.11	-8.85
0.01	0.46	-9.33
0.39	0.87	-9.16
0.22	1.18	-8.91
0.47	2.26	-8.66
0.45	3.56	-9.3
0.6	3.3	-8.96
0.4	3.64	-8.81
0.44	3.84	-8.44
0.27	3.8	-8.11
0.46	3.91	-8.67
0.36	3.95	-8.42
0.41	4.49	-9.12
0.41	4	-8.51
0.42	4.13	-8.68
0.25	3.82	-8.17
0.41	4.15	-8.64
0.46	4.12	-8.4
0.52	4.21	-8.69
0.32	3.91	-8.23
0.41	3.87	-8.34
0.22	3.92	-8.38
0.42	4.03	-8.43
0.52	4.29	-8.38
0.49	3.86	-7.97
0.35	3.92	-8.37
0.38	4.02	-8.46
0.46	3.96	-8.42
0.51	4.03	-8.71
0.41	3.92	-8.41
0.35	3.97	-8.35
0.31	3.97	-8.37
0.51	4.31	-8.83
0.35	3.95	-8.25
0.27	4	-8.48
-0.28	0.38	-8.19
-0.05	-6.99	-6.15
-0.14	-9.57	-0.59
-0.02	-3.8	9.27
0.04	-2.19	9.71
0.18	-2.38	9.61
0.13	-2.32	9.46
-0.01	-1.66	9.47
0.24	-1.77	9.85
0.19	-1.99	10.51
-0.07	-1.21	9.7
0.05	0.05	9.66
0.2	-0.19	9.53
0.18	-0.9	10.37
0.15	-0.85	9.68
0.15	-0.82	9.8
0.41	-0.89	9.19
0.21	-0.9	9.64
0.14	-1.25	10.04
0.09	-1.12	9.84
0.18	-1.07	9.48
0.18	-0.94	9.4
0.27	-1.12	9.69
0.31	-1.05	10.07
0.28	-1.37	10.21
0.05	-1.08	9.58
0.12	-1.36	9.67
0.14	-1.38	10.04
0.12	-1.36	9.75
0.05	-1.25	9.38
0.05	-1.42	9.52
0.07	-1.47	9.74
0.15	-1.53	9.66
0.22	-0.85	9.88
0.12	-1.51	9.63
-0.04	-1.39	9.57
0.12	-0.86	9.73
0.04	-1.5	9.75
0.18	-1.32	9.73
0.01	-1.7	9.67
0.17	-2.44	9.72
0.09	-0.76	9.58
0.11	-0.6	10.18
0.95	5.48	8.71
0.28	7.6	5.3
0.3	7.32	5.36
0.4	7.62	5.68
0.2	7.69	5.84
0.22	7.6	5.83
0.29	7.39	6.25
-0.11	7.6	5.39
0.25	8.74	3.93
0.25	8.14	-5.22
0.52	9.22	-4.56
0.47	8.85	-3.25
0.2	9.02	-2.36
0.43	9.15	-2.65
0.28	9.06	-2.61
0.31	8.99	-2.53
0.3	9.23	-2.66
0.42	9.08	-2.77
0.54	9.81	-2.47
0.25	9.32	-2.25
0.37	9.51	-2.01
0.39	9.5	-2.28
0.55	9.47	-2.04
0.27	9.34	-2.26
0.32	9.34	-2.05
0.48	9.69	-1.69
0.38	9.37	-1.94
0.37	9.21	-1.91
0.31	9.28	-1.89
0.35	9.47	-1.98
0.36	9.33	-1.77
0.42	9.43	-1.63
0.34	9.28	-1.43
0.47	9.34	-2.05
0.43	9.32	-1.9
0.27	9.07	-2.1
0.2	8.84	-2.81
0.41	9.01	-2.79
0.31	9.02	-4.27
0.3	8.79	-3.48
0.34	8.82	-3.21
0.37	8.82	-3.33
0.33	8.58	-4.24
0.36	8.82	-4.19
0.45	8.63	-3.58
0.53	9.19	-3.77
1.24	10.62	-4.57
0.38	8.81	-3.86
0.39	8.87	-3.66
0.34	8.63	-3.81
0.31	8.69	-3.56
0.38	8.83	-3.12
0.42	9.18	-2.88
0.41	9.01	-3.06
0.41	8.91	-3.19
0.39	9.16	-3.02
0.4	9.06	-3
0.37	8.88	-3.05
0.43	8.94	-2.95
0.53	9.44	-3.09
0.35	9.19	-2.95
0.4	9.1	-2.86
1.02	9.78	-3.02
0.65	9.44	-2.9
0.28	9.55	-2.92
1.27	9.5	-2.92
-0.1	9.32	-2.82
0.39	9.22	-2.39
0.06	9.36	-3.02
0.24	9.03	-2.56
0.14	8.66	-1.96
0.53	9.6	-2.18
0.46	9.21	-1.77
0.46	9.2	-2.09
0.55	9.23	-1.87
0.39	9.43	-1.81
0.21	9.79	-2.01
0.42	9.31	-2.24
0.23	9.51	-1.96
0.96	8.4	-2.01
0.95	8.99	-1.61
0.76	9.63	-1.96
0.39	9.44	-1.98
0.6	9.17	-1.77
0.2	9.22	-1.88
0.36	8.92	-1.73
0.57	9.24	-1.69
0.64	9.37	-1.77
0.22	9.38	-1.85
0.44	9.68	-1.86
0.47	9.43	-1.88
0.53	9.97	-1.91
0.42	9.34	-1.76
0.44	9.29	-1.94
0.38	9.25	-1.72
0.21	8.05	4.66
0.22	8.76	4.22
0.4	9.22	2.72
0.26	8.92	2.77
0.31	9.49	2.3
0.33	9.19	2.67
0.55	9.67	0.85
0.09	9.31	-0.52
0.52	11.67	-0.37
0.36	7.24	6.84
0.56	8.09	5.62
0.2	7.69	6
0.5	7.87	6.08
0.32	7.71	6.03
0.29	7.33	5.64
0.19	7.69	5.86
0.28	7.49	5.85
0.4	7.58	6.03
0.24	7.65	5.95
0.42	7.79	5.87
0.23	7.47	6.03
0.32	7.6	5.87
0.3	7.56	6.15
0.37	7.88	6.19
0.38	7.73	6.23
0.36	7.74	6.06
0.38	7.94	6.05
0.41	7.56	5.85
0.33	7.58	5.86
0.35	7.46	6.22
0.41	7.35	6.04
0.08	7.47	5.88
0.35	7.48	6.04
0.56	8.09	6.44
0.43	7.9	6.17
0.32	7.45	5.95
0.54	8.24	6.28
0.46	8.12	6.3
0.24	7.43	5.86
0.27	7.75	6.06
0.27	7.31	5.73
0.36	7.61	6.05
0.36	7.68	6.19
0.33	7.68	6.13
0.46	7.81	6.09
0.54	8.05	6.44
0.39	7.35	5.77
0.65	7.95	6.19
0.19	7.74	6.09
0.29	7.96	6.29
0.31	7.4	5.91
0.31	7.12	5.61
0.4	7.48	6.03
0.25	7.48	5.9
0.65	7.8	6.06
0.34	7.65	6.15
0.52	7.7	6.22
0.26	7.57	5.91
0.42	7.46	5.9
0.51	7.36	6.07
0.25	7.87	6.13
0.39	7.71	6.15
0.29	7.95	6.25
0.1	7.73	6.07
0.54	7.28	5.86
0.46	7.71	6.16
0.27	7.9	6.18
0.41	7.75	6.09
-1.25	8.97	7.03
0.4	7.54	6.02
0.38	7.4	6.29
0.28	7.51	6.01
0.41	7.37	6
0.35	7.72	6.3
0.27	7.35	5.86
0.29	7.78	6.16
0.24	7.33	6.37
0.39	6.15	7.7
0.55	6.21	8.01
0.38	6.62	7.53
0.36	5.86	7.43
0.27	5.53	7.62
0.43	6.27	7.72
0.28	6.2	7.86
0.7	6.35	7.71
0.18	5.43	7.57
0.51	6.38	7.19
0.32	5.96	7.46
0.45	6.1	7.38
0.69	6.74	7.84
0.25	5.02	7
0.29	5.5	7.72
0.42	6.59	8.1
0.28	5.41	7.55
0.29	5.88	7.63
0.27	5.53	7.45
0.52	6.38	7.53
0.43	6.28	7.4
0.38	5.69	7.78
0.61	6.34	7.7
0.62	5.79	7.76
0.2	6.35	7.54
0.45	6.25	7.46
0.42	6.09	7.33
0.28	5.69	7.37
0.54	6.85	7.5
0.72	6.18	7.63
0.45	5.98	7.35
0.45	6.23	7.5
0.36	6.2	7.68
0.58	6.04	7.9
0.41	6.38	7.76
0.35	5.34	8.12
0.47	6.57	8.24
0.48	6.99	8.33
0.44	6	7.47
0.56	6.1	7.76
0.43	5.87	7.76
0.35	5.98	7.34
0.42	5.78	7.51
0.37	5.53	7.39
0.27	6.19	7.72
0.56	5.86	7.53
0.47	5.86	7.75
0.39	5.97	7.47
0.29	5.84	7.64
0.36	5.95	7.82
0.55	6.02	7.91
0.34	5.84	7.8
0.42	5.94	7.61
0.37	5.68	7.34
0.4	5.86	7.24
0.35	5.5	7.75
0.64	6.08	8.02
0.5	5.42	7.46
0.35	6.06	7.88
0.41	5.81	7.76
0.38	5.66	7.54
0.53	6.43	8.38
0.6	6.41	8.09
0.53	5.81	7.85
0.45	5.83	7.53
0.41	5.73	7.61
0.24	6.04	7.57
0.35	5.77	8.01
0.57	5.59	8
0.24	5.47	7.76
0.39	5.78	7.8
0.42	5.75	7.73
0.27	5.87	7.71
0.33	5.5	7.51
0.28	5.43	7.61
0.36	5.69	7.8
0.5	5.83	8.02
0.4	5.91	7.67
0.49	5.05	7.54
0.58	6.59	8.92
-0.22	5.38	8.83
0	5.31	7.5
0.59	5.78	8.12
0.21	5.2	7.65
0.02	5.34	7.5
0.45	6.07	8.05
0.29	5.68	8.11
0.32	5.47	7.76
0.33	5.97	7.79
0.42	5.86	8.08
0.29	5.48	7.79
0.36	5.72	7.95
0.5	6.01	7.63
0.24	5.45	8.06
0.43	5.36	7.64
0.39	5.97	7.71
0.57	5.45	7.61
0.13	5.22	7.8
0.28	5.32	7.92
0.56	5.79	8.07
0.14	5.96	8.04
0.17	5.4	7.44
0.21	5.7	8.01
0.02	5.62	7.79
0.5	5.76	8.05
0.05	5.29	7.58
-0.5	6.35	7.15
0.54	5.66	8.17
0.33	6.09	8.29
0.8	5.98	8.41
0.18	6.03	8.18
0.29	5.8	7.96
0.39	5.81	7.93
0.33	5.85	8.07
0.33	5.81	8.51
0.46	6.3	8.63
0.48	5.4	7.82
0.53	5.72	7.74
0.64	5.82	8.61
0.2	5.5	7.81
0.95	5.17	7.55
0.52	5.93	8.53
0.36	5.77	7.81
0.51	5.66	7.84
0.7	5.8	7.89
0.78	5.31	7.14
0.16	5.67	7.66
0.43	5.87	7.87
0.35	5.7	7.81
0.37	5.71	7.77
0.45	5.78	8.05
0.51	5.69	7.55
0.4	5.75	8.23
0.5	5.69	7.94
0.35	6.05	7.89
0.27	5.11	7.66
0.49	5.68	7.7
0.3	5.9	8.18
0.41	5.94	8.44
0.45	5.64	8.41
0.35	5.58	7.62
0.22	5.58	7.55
0.52	5.89	8.37
0.6	5.8	8.11
0.12	5.56	7.85
0.36	5.38	7.61
0.23	5.64	7.8
0.25	5.9	7.99
0.42	5.66	8.08
0.42	5.63	7.47
0.38	5.69	7.87
0.68	6.08	8.18
0.36	5.81	7.59
0.2	5.47	8.15
0.47	5.3	8.11
0.2	4.98	8.17
0.36	5.22	7.98
1.19	5.42	7.57
0.36	5.4	8.1
0.58	5.45	8.44
0.3	5.11	8.46
0.34	5.17	7.97
0.52	4.57	8.42
0.36	1.43	9.51
0.22	1.6	9.31
0.32	1.62	9.78
0.6	1.85	10.23
0.68	2.44	10.87
0.56	1.59	10.09
0.79	2.08	10.08
0.38	1.25	9.11
0.73	2.04	10.32
0.31	1.71	9.32
0.5	1.81	9.74
0.3	1.86	9.58
0.14	1.59	9.39
0.51	2.14	9.58
0.43	1.96	9.94
-0.11	0.78	9.33
0.49	1.9	9.78
0.44	1.64	9.7
0.25	2.01	10.26
0.39	1.65	9.74
0.36	1.8	9.46
0.08	1.52	9.43
0.29	1.73	9.75
0.32	1.66	9.31
0.15	1.42	9.78
0.47	1.86	9.79
0.27	1.6	9.53
-0.02	1.56	9.22
0.57	1.8	9.63
0.76	1.54	9.86
0.62	1.35	9.79
0.4	1.7	9.85
0.11	1.39	9.63
0.24	1.76	9.68
0.48	1.85	9.29
0.42	1.91	9.91
0.24	1.51	9.77
0.54	1.94	9.97
0.06	1.47	9.51
0.43	1.4	10.06
0.52	1.78	10.07
0.6	2.37	10.07
0.02	1.45	9.08
0.6	1.48	9.59
0.49	1.92	9.99
0.12	1.35	8.8
0.42	2.22	10.04
0.29	1.48	9.49
0.25	1.66	9.61
0.47	1.93	9.61
0.39	1.65	9.64
0.33	1.71	9.74
0.41	1.81	9.5
0.4	1.67	9.61
0.27	1.96	9.85
0.31	1.52	9.65
0.33	1.61	9.52
0.32	1.91	9.96
0.36	1.79	9.75
0.16	1.8	9.44
0.29	1.71	9.45
0.17	1.67	9.43
0.29	1.78	9.55
0.41	1.97	9.63
0.49	1.86	10.42
0.3	1.58	9.28
0.26	1.45	9.51
0.45	1.79	9.65
0.43	1.97	9.55
0.37	1.83	9.73
0.21	1.46	9.67
0.38	1.79	9.64
0.31	1.82	9.65
0.36	1.94	9.73
0.32	1.69	9.35
0.27	1.67	9.67
0.35	1.71	9.67
0.38	1.89	9.56
0.51	1.96	9.8
0.28	1.83	9.48
0.28	1.06	9.31
0.58	2.06	9.63
0.42	1.28	9.68
0.12	1.45	9.03
0.42	1.62	9.14
0.64	1.34	10.2
-0.2	2	10.26
0.06	1.82	10.02
0.26	1.6	9.59
0.35	1.22	9.42
0.47	2.02	9.51
0.17	1.98	9.85
0.31	1.4	9.43
0.32	1.53	9.51
0.55	1.14	9.94
0.2	1.65	9.55
0.53	1.53	9.32
0.36	1.31	9.43
0.54	0.42	9.37
0.29	0.88	9.89
0.28	0.66	9.75
0.15	0.48	9.53
0.33	0.4	9.72
0	0.51	9.29
0.42	0.43	9.57
0.29	0.3	10.05
0.21	0.65	9.7
0.07	0.71	9.3
0.52	0.77	10.74
0.6	0.82	10.25
0.63	0.76	9.8
0.6	0.67	9.88
0.37	0.73	10.18
0.43	0.13	9.82
2.86	0.94	11.39
-0.15	0.59	9.79
0.22	0.68	9.73
-0.04	0.59	10.15
0.29	0.67	9.56
-0.01	0.85	8.48
0.36	0.54	9.84
0.27	0.68	9.76
0.2	0.81	9.84
0.6	0.69	10.42
-0.97	0.83	10.19
0.55	0.54	9.63
0.27	0.54	9.67
0.35	0.66	10.09
0.33	0.72	9.81
0.43	0.61	10.24
0.47	0.75	9.97
0.31	0.65	10.01
0.13	0.6	9.62
0.25	0.68	9.56
0.3	0.62	9.6
0.33	0.61	9.84
0.38	0.62	9.68
0.21	0.65	9.62
0.44	0.74	9.7
0.18	0.59	9.54
0.22	0.63	9.76
0.33	0.56	9.86
0.39	0.69	9.74
0.32	0.63	9.85
0.48	0.64	9.94
0.38	0.67	10.4
0.4	0.68	9.88
0.26	0.65	9.76
0.25	0.71	9.76
0.26	0.69	9.73
0.31	0.65	9.82
0.43	0.59	9.75
0.33	0.52	9.86
0.34	0.58	9.87
0.21	0.6	9.8
0.31	0.71	9.72
0.33	0.49	9.71
0.36	0.62	9.65
0.44	0.65	9.71
0.35	0.68	9.98
0.42	0.67	9.99
0.43	0.62	10.01
0.36	0.66	9.91
0.16	0.73	9.37
0.37	0.73	10.23
0.33	0.63	9.9
0.32	0.96	9.77
0.27	0.52	9.67
0.36	0.81	10.01
0.45	0.62	9.77
0.16	0.59	9.76
0.23	0.59	9.68
0.27	0.73	9.74
0.3	0.64	9.74
0.27	0.62	9.78
0.35	0.65	10
0.49	0.65	9.57
0.65	1.08	10.79
0.43	1.05	9.77
0.49	0.59	9.7
0.09	0.67	9.62
0.45	0.9	9.75
0.42	0.6	10.21
0.69	0.25	10.03
0.36	0.83	10.23
0.07	0.72	9.51
0.32	0.68	9.22
0.09	0.91	10.02
0.5	0.94	10.65
0.1	0.68	9.44
0.46	0.77	10.27
0.26	0.7	9.79
0.3	0.8	9.79
0.34	0.68	9.81
0.38	0.58	9.99
0.44	0.82	9.89
0.23	0.45	8.48
0.43	0.78	9.9
0.32	0.09	9.79
0.3	-0.22	10.13
0.37	0.48	9.65
0.3	0.49	9.15
0.5	0.81	9.86
0.15	1.1	10.24
0.19	1.38	10
0.25	0.88	8.61
0.26	1.12	9.97
0.37	1.13	9.63
0.32	0.98	9.71
0.19	0.96	9.6
0.06	0.95	9.58
0.03	0.9	9.7
0.37	1.06	9.78
0.31	1	9.8
0.41	1.04	9.67
0.36	1.03	9.35
0.27	0.91	9.69
0.34	1.01	9.66
0.31	0.91	10.13
0.43	1.48	9.9
-0.22	1.37	8.89
0.39	2.06	9.6
2.03	-2.05	10.53
0.41	1.95	10.71
0.33	1.24	9.47
0.43	2.43	8.91
0.17	0.85	9.4
0.3	-1.71	9.64
0.07	-5.46	9.23
0.12	-3.12	9.57
0.11	-3.55	8.35
-1.28	-5.6	9.86
0.28	-2.52	9.9
0.08	-1.88	9.35
0.33	-2.73	9.74
0.49	-8.22	5.88
0.31	-1.8	9.17
-0.11	-0.64	9.32
-0.04	-3.42	10.13
0.17	-2.84	9.23
0.22	-2.99	9.88
0.12	-3.16	9.75
-0.03	-3.77	9.84
0.13	-3.01	9.48
-0.34	-3.36	8.49
0.1	-2.34	9.49
0.34	-3.44	9.48
0.22	-3.38	8.98
0	-3.84	9.56
-0.22	-3.24	9.02
-0.09	-3.31	9.19
0.08	-2.88	9.6
0.08	-2.64	9.29
0.19	-2.14	9.55
0.22	-2.66	9.14
1.45	-1.32	10.86
0.04	-2.02	9.18
0	-1.86	10.14
-0.31	-0.49	12.19
0.2	-3.06	10.12
0.01	-2.39	10.07
0.4	-1.52	10.26
0.29	-2.35	10.43
0.32	-1.96	9.22
0.15	-1.98	9.84
-0.47	-1.76	9.24
0.42	0.03	9.43
0.11	4.96	8.62
0.16	10.38	0
0.11	9.42	-0.32
-0.34	9.79	0.75
-0.03	9.77	2.17
0.33	9.18	1.04
0.6	8.62	1.95
0.03	9.86	2.06
0.15	9.47	2.43
-0.19	8.06	7.65
0.34	9.08	-1.18
0.68	7.95	-5.17
0.23	9.62	-1.14
0.21	9.53	-0.49
0.53	9.84	-0.26
-0.44	9.35	-0.25
0.19	9.94	-1.18
0.46	9.86	-1.15
0.33	9.5	-0.89
0.28	9.77	0.26
0.2	2.55	-8.96
-0.16	-2.73	-8.76
0	-5.81	-7.42
0.15	-6.49	-7.64
0.08	-5.24	-6.96
0.11	-4.4	-7.65
0.24	-6.1	-6.88
0.23	-6.2	-7.09
0.22	-5.61	-7.91
0.17	-1.83	-7.29
-0.33	-9.62	-0.78
0	-9.55	0.75
-0.7	-8.27	0.44
0.38	-8.03	-6.19
0.89	-8.99	2.53
3.67	-0.56	10.66
1.33	8.64	0.85
0.16	7.6	3.28
0.28	-6.75	9.44
-0.86	-9.64	-3.4
-1.17	-8.74	-2.6
1.42	-6.14	-4.82
1.16	-0.71	-9.83
-0.04	7.17	-7.45
2.33	7.32	-4.82
3.38	4.17	-7.6
5.92	4.16	-6.14
7.07	4.2	-7.5
6.45	5.52	-6.23
2.88	7.38	-5.67
2.39	6.94	-6.64
2.92	5.96	-8.33
4.6	5.34	-6.6
1.68	5.39	-8.13
3.61	4.77	-5.25
8.05	1.61	-2.22
10.47	1.06	-2.23
9.76	4.53	2.36
2.37	8.33	0.69
2.56	10.51	0.74
1.06	8.94	0.34
1.19	8.18	0.27
1.33	10.08	-1.12
1.96	9.82	-1.59
2.7	10.36	-0.12
0.63	9.12	-1.52
0.57	10.43	-2.5
-0.14	10.32	-2.28
0.1	9.65	-3.01
-0.12	7.87	-1.52
2.2	10.09	-2.36
-1.26	8.39	-7.35
-0.52	9.43	-3.55
-0.27	8.31	-2.69
5.43	9.53	0.52
5.38	9.75	-2.78
4.82	8.03	-1.38
4.75	9.99	-2.16
3.03	7.83	-1.88
2.77	9.62	-1.81
0.18	8.96	-1.99
4.12	9.37	4.83
0.5	7.74	2.63
0	10.1	0.53
1.46	9.73	2.37
1.31	9.04	2.96
1.48	9.67	2.36
1.78	9.27	2.1
1.93	9.74	2.3
2.3	9.41	2.86
1.16	8.92	2.24
4.13	10.03	1.89
3.29	8.85	3.67
6.53	5.27	4.18
7.99	5.15	6.97
3.61	6.07	4.57
3.12	1.08	8.12
4.87	6.35	5.79
6.44	5.81	3.99
7.31	5.4	3.03
7.11	5.41	5.5
1.85	2.84	8.91
-0.53	1.85	9.96
4.47	3.07	7.92
5.74	5.21	5.85
4.99	5.6	6.74
3.34	5.09	7.77
2.97	5.35	7.88
3.47	5.49	7.62
4.3	4.3	7.5
3.16	3.17	8.18
3.08	4.33	7.89
2.69	5.05	8.04
1.79	2.15	8.79
1.06	3.85	8.54
0.73	5.14	8.3
0.47	5.23	7.84
1.78	6.59	8.84
5.2	5.63	5.56
5.25	4.13	7.29
5.56	3.85	7.21
5.62	3.53	7.02
6.19	2.2	7.75
4.28	0.23	8.65
2.99	0.69	8.42
6.62	3.36	6.68
6.42	3.47	6.13
6.24	4.03	6.88
5.51	3.67	7.32
4.48	5.07	6.96
4.61	4.75	7.35
4.81	5.26	6.62
3.38	5	5.71
4.12	8.11	4.07
4.31	7.81	3.35
5.55	8.14	1.91
5.58	5.51	-0.7
9.1	6.61	-0.74
7.21	7.61	0.82
5.33	7.77	1.29
5.46	8.18	2.03
5.42	8.41	1.63
5.17	8.01	1.95
4.97	8.5	2.16
5.67	8.13	1.94
6.28	7.46	1.51
6.56	7.06	1.31
6.23	7.79	1.87
5.78	8.35	2.1
5.17	7.77	2.73
5.29	7.81	2.74
5.2	8.03	2.61
5.24	7.89	2.15
4.98	7.94	2.53
5.07	8.15	2.44
4.76	8.12	2.7
4.85	8.05	2.47
4.9	8.13	2.69
5.06	8.36	1.54
4.23	8.65	2.22
3.95	8.61	2.77
3.52	8.58	3.1
3.76	8.52	3.02
3.45	8.48	3.21
3.56	8.51	3.44
3.52	8.56	3.39
3.73	8.62	2.93
3.44	8.93	3
3.18	8.86	2.56
2.78	9.21	2.64
3.17	9.09	2.28
3.08	9.06	2.61
3.29	8.82	2.67
3.56	8.71	2.38
3.48	8.64	2.62
3.95	8.29	2.96
3.95	8.47	2.82
3.67	8.63	2.73
3.98	8.52	2.83
3.89	8.54	3.13
3.9	8.39	3.09
3.46	8.63	2.77
3.38	8.84	2.39
3.1	8.93	2.59
3.34	8.66	2.8
3.59	8.52	3.16
4.15	8.6	2.77
4.49	9.03	2.22
3.67	8.37	3.37
3.68	8.82	3.04
3.38	8.67	2.71
3.28	8.55	2.93
3.3	8.77	3.51
4.79	8.12	4.59
3.83	6.66	6.41
3.2	7.16	6.07
4.5	7.06	5.78
5.48	5.71	5.56
5.45	6.2	5.41
4.67	6.71	5.49
4.54	5.59	5.87
4.27	4.93	7
4.43	4.91	6.59
5.31	5.09	6.4
6.61	6.74	6.66
5.91	8.39	3.55
1.76	10.14	1.85
2.12	9.52	-0.13
2.38	8.41	-0.12
-0.54	11.06	0.72
0.64	9.74	-0.47
0.4	9.64	-1
0.31	9.56	-1.63
0.45	9.19	-2.94
0.6	7.16	-6.1
0.15	7.49	-5.74
0.23	7.59	-5.9
0.24	7.61	-5.67
0.28	7.75	-6.19
0.3	7.66	-5.74
0.29	7.66	-5.93
0.4	7.63	-5.7
0.26	7.76	-5.62
0.3	7.86	-5.65
0.38	8.27	-5.11
0.3	7.97	-5.57
0.4	7.97	-5.8
0.26	7.91	-5.58
0.32	7.96	-5.43
0.34	7.96	-5.52
0.27	7.97	-5.7
0.38	7.86	-5.57
0.49	7.24	-5.88
0.1	7.86	-5.63
0.37	7.71	-5.73
0.36	7.76	-5.65
0.49	7.63	-5.61
0.21	8.17	-5.81
0.24	7.68	-5.68
0.35	7.73	-5.66
0.28	7.35	-6.16
0.36	7.51	-6.01
0.44	7.68	-5.77
0.35	7.88	-5.52
0.4	8.2	-5.01
0.39	8.08	-5.14
0.44	8.2	-5.22
0.54	8.28	-4.47
0.49	8.91	-3.99
0.4	9.06	-3.4
0.35	8.95	-3.66
0.37	9.06	-3.39
0.43	8.83	-3.76
0.34	9.01	-3.52
0.37	9.07	-3.53
0.34	8.83	-3.67
0.39	8.91	-3.48
0.42	8.91	-3.5
0.36	8.88	-3.6
-0.25	10.04	-4.2
0.33	8.97	-3.78
0.36	8.89	-3.99
0.36	8.74	-4.25
0.38	8.75	-4.16
0.36	8.79	-4.45
0.4	8.31	-4.91
0.33	7.92	-5.61
0.29	7.56	-5.79
0.29	7.2	-6.47
0.16	0.57	-9.54
0.15	4.06	-8.92
0.2	4.05	-8.91
0.15	5.68	-7.7
0.21	5.41	-8.05
0.14	4.94	-8.15
0.32	4.61	-8.66
0.25	3.92	-8.65
0.25	4.36	-8.47
0.05	5.03	-7.92
0.17	5.02	-7.91
0.35	3.03	-9.52
0.27	4.79	-8.38
0.1	4.1	-8.45
0.09	4.95	-7.94
0.21	3.05	-9.12
0.14	3.12	-9.04
0.31	2.83	-9.11
0.32	3.51	-9.11
0.17	3.29	-9.19
0.2	2.92	-8.74
0.22	3.85	-8.9
0.21	2.94	-8.98
0.12	2.7	-9.34
0.17	3.19	-9.15
0.15	3.17	-9.12
0.13	2.85	-9.17
0.15	2.76	-9.16
-0.27	4.91	-8.08
0.16	4.23	-8.55
0.25	4.48	-8.47
0.18	3.81	-8.81
0.2	3.55	-9.02
0.25	2.84	-9.04
0.22	3.22	-8.98
0.17	2.84	-9.12
0.13	2.75	-9.2
0.09	2.26	-9.32
0.21	2.59	-9.25
0.17	2.57	-9.3
0.17	2.57	-9.26
0.19	2.45	-9.35
0.14	2.47	-9.3
0.22	2.74	-9.38
0.19	2.56	-9.48
0.28	2.56	-9.17
0.33	2.63	-9.34
0.12	2.71	-9.27
0.18	2.38	-8.93
0.2	2.6	-9.13
0.28	2.5	-9.28
0.24	2.64	-9.41
0.25	2.54	-9.33
0.23	2.51	-9.42
0.12	2.66	-9.39
0.2	2.5	-9.22
0.37	2.49	-9.09
0.2	2.54	-9.27
0.24	2.48	-9.26
0.17	2.58	-9.29
0.18	2.51	-9.29
0.2	2.68	-9.2
1.69	3.43	-8.98
2.62	2.12	-9.13
2.03	2.67	-9.12
2.29	2.51	-9.04
2.18	2.32	-9.31
2.54	1.56	-11.04
2.96	0.79	-8.58
0.39	3.18	-9.24
0.2	1.17	-9.43
-0.02	3.44	-9.41
0.28	4.17	-8.77
0.38	3.94	-8.16
0.17	3.67	-8.85
0.29	3.42	-9.33
0.3	2.47	-9.65
0.34	3.48	-8.82
0.21	3.16	-8.95
0.41	1.72	-9.76
0.37	2.44	-9.36
0.28	2.3	-9.19
0.24	2.59	-9.46
0.32	3.24	-9.22
0.31	2.05	-9.41
0.41	1.21	-9.14
0.32	3.16	-9.19
0.21	2.35	-9.6
0.11	2.61	-9.11
0.36	2.49	-9.31
0.34	2.77	-9.02
0.36	2.48	-9.27
0.22	2.91	-9.22
0.31	2.7	-9.38
0.29	3.31	-9.02
0.25	3.09	-8.92
0.27	2.49	-9.47
0.3	2.56	-9.32
0.32	2.9	-9.36
0.48	2.62	-9.44
0.44	2.49	-9.56
0.36	2.74	-9.27
0.1	2.52	-9.45
0.43	2.62	-8.94
0.27	3.13	-8.97
0.3	3.03	-9.22
0.25	3.03	-9.19
0.24	3.08	-9.4
0.16	2.76	-9.52
0.27	2.15	-9.53
0.37	2.29	-9.48
0.27	3.18	-9.17
0.14	2.61	-9.52
0.3	2.49	-9.41
0.21	2.8	-9.24
0.38	2.97	-9.41
0.3	2.93	-9.24
0.32	2.61	-9.42
0.26	2.65	-9.25
0.39	2.91	-9.2
0.35	2.49	-9.37
0.21	2.38	-9.43
0.19	2.58	-9.43
0.35	2.94	-9.2
0.39	2.6	-9.33
0.32	2.56	-9.36
0.29	2.55	-9.36
0.38	2.84	-9.14
0.29	2.94	-9.25
0	2.38	-8.72
0.32	2.84	-9.32
0.23	2.71	-9.3
0.27	2.72	-9.33
0.31	2.81	-9.28
0.39	2.42	-8.77
0.72	2.21	-8.31
0.19	2.72	-9.45
0.2	2.43	-9.14
0.3	2.87	-9.16
0.17	3.12	-9.34
0.61	2.48	-9.23
0.33	2.63	-9.24
0.33	2.79	-9.11
0.28	2.76	-9.15
0.23	2.64	-9.3
0.29	2.83	-9.3
0.29	2.77	-9.4
0.26	2.51	-9.28
0.18	2.58	-9.26
0.2	2.67	-9.23
0.19	2.84	-9.34
0.28	2.82	-9.27
0.3	2.8	-9.33
0.36	2.5	-9.4
0.27	2.88	-9.41
0.43	2.5	-9.25
0.42	2.75	-9.14
0.32	2.65	-9.74
0.43	2.83	-9.19
0.15	2.76	-9.46
0.03	2.61	-9.19
0.32	2.87	-9.17
0.04	2.77	-9.4
0.55	4.64	-8.74
0.35	2.81	-9.29
0.46	2.95	-9.13
0.65	2.08	-10.34
0.37	1.53	-9.3
0.23	3.03	-9.14
0.13	2.8	-9.55
0.35	2.27	-9.05
-0.01	3.17	-8.43
0.43	2.9	-9.18
0.32	2.75	-9.09
0.34	2.7	-9.6
0.31	2.88	-9.3
0.26	2.34	-9.39
0.15	2.41	-9.27
0.31	2.15	-9.51
0.41	2.67	-9.21
0.38	2.14	-9.41
0.31	2.36	-9.43
0.37	2.54	-9.3
0.36	2.78	-9.3
0.41	2.77	-9.14
0.36	2.69	-9.14
0.39	2.24	-9.32
0.32	3.14	-9.08
0.45	2.7	-9.05
0.18	2.14	-9.37
0.43	2.39	-9.37
0.35	2.48	-9.46
0.43	2.72	-9.44
0.4	3.03	-9.19
0.4	3.1	-9.3
0.37	3.58	-9.36
0.48	3.46	-9.12
0.45	3.2	-9.21
0.47	3.15	-9.25
0.33	3.04	-9.23
0.46	3.16	-9.19
0.41	3.09	-9.17
0.71	3.18	-9.64
0.44	3.23	-9.06
0.46	3	-9.13
0.45	3.01	-9.17
0.07	2.66	-8.98
0.49	2.42	-9.39
0.38	2.29	-9.38
0.59	1.92	-9.63
0.81	2.64	-9.61
0.27	2.43	-9.26
0.55	2.81	-9.32
0.4	3.21	-9.24
0.51	3.33	-9.23
0.47	3.15	-8.52
0.4	3.2	-9
0.44	3.26	-8.97
0.34	3.19	-9.12
0.43	2.87	-8.07
-0.91	4.62	-12.61
0.45	3.02	-9.16
0.29	3.24	-9.22
0.46	3.08	-9.58
0.74	2.7	-9.32
0.34	2.8	-9.1
0.42	2.78	-9.43
1.17	2.74	-8.48
0.47	2.89	-9.32
0.32	2.47	-9.4
0.47	2.62	-9.36
0.47	2.46	-9.24
0.46	2.59	-9.33
0.47	2.53	-9.4
0.51	2.63	-9.7
0.62	2.67	-9.48
0.4	2.71	-9.32
0.48	2.61	-9.42
0.56	3.56	-9.08
0.46	2.75	-9.27
0.52	3.06	-9.32
0.46	2.77	-9.3
0.38	2.62	-9.39
0.55	2.73	-9.51
0.54	2.49	-9.15
0.43	2.59	-9.48
0.45	2.53	-9.41
0.55	2.77	-9.35
0.49	2.89	-9.38
0.41	2.57	-9.4
0.57	3.04	-9.29
0.43	2.57	-9.29
0.44	2.93	-9.34
0.38	2.94	-9.29
0.42	2.68	-9.34
0.62	3.16	-9.24
1.41	1.9	-9.02
0.19	2.5	-9.49
0.96	1.46	-9.67
1.07	0.75	-8.86
1.14	1.09	-9.51
1.41	0.27	-10.23
0.51	4.03	-8.43
-0.46	3.15	-8.45
0.39	-1.85	-9.19
-0.54	-1.18	-9.1
0.29	7.43	-6.51
-0.2	3.92	-7.53
-0.18	6.28	-7
0.14	8.72	-4.6
0.22	7.57	-5.53
9.02	0.5	-3.4
6.95	1.08	-1.21
9.52	2.14	-2.62
7.48	4.79	0.39
10.35	-1.9	-1.08
9.41	-0.03	-0.62
9.67	-0.07	-1.49
9.73	-0.44	-2.24
9.58	-0.12	-2.23
9.67	-0.15	-1.89
12.49	-0.47	-2.91
9.55	2.09	0.58
7.9	5.66	2.32
7.8	4.33	5.37
6.58	5.54	3.76
6.3	4.89	3.6
7.89	4.45	3
8.47	5.31	0.07
7.58	3.84	-1.85
8.58	2.43	-1.78
9.14	0.95	3.7
8.42	-2.64	3.56
7.81	-2.33	4.39
-3.3	-3.37	7.42
-4.05	2.19	8.12
0.26	1.52	9.01
-0.65	0.97	9.56
-0.36	1.21	8.89
4.35	-1.78	7.89
5.74	-2.74	7.32
5.6	-2.87	6.86
5.75	-2.38	7.52
5.66	-2.54	7.45
5.47	-2.83	7.47
5.29	-3.08	7.6
5.18	-3.04	7.84
2.75	-2.62	8.15
4.8	-5.51	5.17
6.29	-6.48	-1.49
5.51	-6.22	-4.23
5.71	-5.87	-4.93
5.15	-6.44	-4.92
4.92	-6.7	-4.35
5.34	-6.86	-4.06
4.35	-6.35	-3.66
5.72	-6.95	-3.82
5.24	-6.84	-3.59
4.94	-6.92	-3.51
5.44	-7.03	-3.16
4.61	-7.77	-2.06
5.17	-8.14	-1.92
9.68	2.27	-4.44
9.08	0.07	-0.06
9.92	-1.85	-2.49
9.11	-3.38	-2.13
7.18	-4.73	-4.8
7.24	-5.6	-5.32
8.24	-3.1	-5.06
9.28	-0.91	-0.63
20.07	-1.17	1
9.71	0.09	-2.22
9.76	-0.07	-1.72
9.65	-0.37	-1.62
9.61	-0.06	-1.57
9.57	-0.14	-1.51
9.82	0.03	-1.59
9.78	0.33	-1.4
9.83	-0.22	-2
10.09	-0.74	-1.33
7.9	0.66	-2.95
9.78	-0.21	-2.42
9.79	-0.15	-2.27
9.96	-1.06	-3.3
11.4	1.15	-2.04
8.38	4.71	-3.98
8.5	6.34	-1.3
8.59	5.89	3.08
7.72	3.13	5.18
5.66	4.9	5.84
5.98	8.12	6.52
0.01	5.64	8.56
1.2	4.53	9.65
0.55	2.37	7.57
-0.42	5.65	6.59
0.02	0.04	10.06
8.5	5.23	4.92
3.91	4.74	7.1
3.02	6.15	8.04
7.74	10.46	-4.49
2.62	7.45	-5.56
6.87	7.65	-6.29
2.07	7.93	-6.32
5.51	5.53	-2.53
4.46	7.16	-5.09
3.34	5.38	-4.49
5.12	7.26	-5.51
4.2	4.16	-6.59
4.41	4.57	-9.37
3.45	7.77	-3.3
3.8	8.86	-2.07
4.15	8.37	-3.8
4.54	6.39	-6.3
5.67	4.94	-5.92
5.44	5.07	-6.88
5.17	5.94	-6.09
5.72	6.47	-5.12
4.41	7.09	-3.25
5.28	5.1	-5.95
4.57	6.35	-6.49
5.49	6.14	-5.32
4.88	6.14	-6.25
4.5	6.4	-7.01
3.56	8.11	-1.79
3.06	-2.19	-9.25
1.06	-4.22	-7.62
1.14	-3.63	-7.88
1.97	2.64	-9.52
0.42	4.94	-7.4
-0.09	6.05	-7.55
0.65	6.72	-7.19
0.54	6.13	-7.49
0.21	3.1	-8.62
0.46	5.3	-8.17
0.41	5.66	-7.98
0.5	6.03	-7.1
0.58	6.13	-7.22
0.44	6.02	-7.16
0.57	7.05	-7.09
0.17	6.62	-6.57
0.38	6.27	-7.17
0.63	6.39	-7.2
0.55	6.46	-7.38
0.6	8.41	-4.77
0.89	7.97	-7.37
0.73	6.44	-7.32
0.34	7.02	-6.72
0.5	5.29	-7.89
0.45	5.2	-7.53
0.34	5.9	-7.36
0.52	6.1	-7.71
0.35	5.62	-7.55
0.08	5.93	-8.67
0.35	4.18	-8.58
0.37	5.22	-7.76
0.52	5.24	-8.18
0.47	5.63	-7.87
0.73	5.96	-7.82
0.44	6.21	-7.22
0.54	6.29	-7.31
0.6	6.04	-7.19
0.49	5.36	-7.94
0.24	5.23	-7.61
0.42	6.14	-7.47
0.43	6.41	-7.29
0.25	6.11	-6.93
0.43	6.3	-7.57
1.52	6.83	-6.93
0.4	1.27	-9.43
0.54	4.95	-8.43
0.45	5.37	-7.88
0.79	5.9	-7.07
0.45	6.01	-7.44
0.38	5.91	-7.25
0.36	5.98	-7.96
0.49	4.43	-8.51
0.55	5.4	-8.41
0.63	4.65	-8.12
0.36	5.11	-8.31
0.33	5.38	-7.58
0.5	5.88	-7.7
