timestamp (ms),acc-x,acc-y,acc-z,quat-w,quat-x,quat-y,quat-z
38472,0.05,-0.59,10.13,0,0,0,0
38500,0.11,-0.84,9.79,0,0,0,0
38529,0.09,-1.11,9.82,0,0,0,0
38558,0.11,-1.47,9.69,0,0,0,0
38587,0.09,-1.62,9.73,0,0,0,0
38616,0.05,-1.85,9.69,0,0,0,0
38643,0.15,-1.95,9.82,0,0,0,0
38672,0.03,-2.29,9.73,0,0,0,0
38701,0.03,-2.39,9.46,0,0,0,0
38729,0.11,-2.5,9.58,0,0,0,0
38758,0.22,-2.54,9.5,0,0,0,0
38787,0.09,-2.62,9.48,0,0,0,0
38815,0.24,-2.66,9.67,0,0,0,0
38844,0.11,-2.98,9.33,0,0,0,0
38873,0.21,-3.04,9.35,0,0,0,0
38901,0.38,-3.27,9.25,0,0,0,0
38930,0.19,-3.64,9.15,0,0,0,0
38959,0.21,-3.75,9.1,0,0,0,0
38987,0.17,-3.92,9.21,0,0,0,0
39015,0.24,-3.98,9.04,0,0,0,0
39044,0.26,-4.13,8.96,0,0,0,0
39072,0.42,-4.17,8.87,0,0,0,0
39101,0.34,-4.25,9.02,0,0,0,0
39129,0.34,-4.5,8.83,0,0,0,0
39157,0.32,-4.63,8.73,0,0,0,0
39186,0.28,-4.71,8.81,0,0,0,0
39216,0.36,-4.73,8.64,0,0,0,0
39243,0.36,-4.77,8.67,0,0,0,0
39273,0.38,-4.82,8.75,0,0,0,0
39302,0.36,-4.9,8.58,0,0,0,0
39329,0.28,-5.03,8.62,0,0,0,0
39358,0.34,-5.07,8.46,0,0,0,0
39387,0.3,-5.19,8.44,0,0,0,0
39415,0.22,-5.3,8.46,0,0,0,0
39444,0.22,-5.4,8.27,0,0,0,0
39473,0.28,-5.32,8.39,0,0,0,0
39501,0.22,-5.47,8.29,0,0,0,0
39529,0.21,-5.55,8.23,0,0,0,0
39558,0.17,-5.61,8.33,0,0,0,0
39586,0.17,-5.69,8.14,0,0,0,0
39615,0.17,-5.76,8.14,0,0,0,0
39644,0.17,-5.86,8.04,0,0,0,0
39672,0.11,-5.95,7.95,0,0,0,0
39701,0.13,-6.01,7.91,0,0,0,0
39730,0.17,-6.03,7.97,0,0,0,0
39758,0.17,-5.93,8.06,0,0,0,0
39787,0.17,-6.01,7.95,0,0,0,0
39816,0.17,-5.95,8.08,0,0,0,0
39844,0.15,-6.01,7.95,0,0,0,0
39873,0.19,-6.05,7.95,0,0,0,0
39901,0.19,-6.18,7.81,0,0,0,0
39929,0.15,-6.18,7.81,0,0,0,0
39959,0.21,-6.16,7.85,0,0,0,0
39987,0.17,-6.22,7.75,0,0,0,0
40015,0.17,-6.13,7.91,0,0,0,0
40044,0.17,-6.22,7.75,0,0,0,0
40073,0.21,-6.26,7.81,0,0,0,0
40101,0.19,-6.28,7.77,0,0,0,0
40130,0.17,-6.34,7.7,0,0,0,0
40159,0.19,-6.18,7.91,0,0,0,0
40187,0.21,-6.28,7.74,0,0,0,0
40215,0.21,-6.2,7.81,0,0,0,0
40244,0.19,-6.32,7.7,0,0,0,0
40272,0.22,-6.3,7.72,0,0,0,0
40301,0.19,-6.38,7.68,0,0,0,0
40330,0.19,-6.34,7.7,0,0,0,0
40358,0.17,-6.45,7.56,0,0,0,0
40387,0.22,-6.36,7.68,0,0,0,0
40416,0.19,-6.36,7.72,0,0,0,0
40444,0.19,-6.49,7.49,0,0,0,0
40473,0.21,-6.28,7.74,0,0,0,0
40502,0.22,-6.26,7.79,0,0,0,0
40530,0.17,-6.36,7.77,0,0,0,0
40559,0.17,-6.43,7.66,0,0,0,0
40588,0.22,-6.41,7.6,0,0,0,0
40616,0.22,-6.45,7.58,0,0,0,0
40645,0.19,-6.45,7.6,0,0,0,0
40674,0.19,-6.41,7.64,0,0,0,0
40702,0.19,-6.45,7.58,0,0,0,0
40731,0.21,-6.43,7.62,0,0,0,0
40760,0.17,-6.36,7.74,0,0,0,0
40788,0.19,-6.38,7.72,0,0,0,0
40817,0.21,-6.36,7.72,0,0,0,0
40845,0.21,-6.34,7.72,0,0,0,0
40875,0.21,-6.39,7.66,0,0,0,0
40902,0.19,-6.39,7.66,0,0,0,0
40931,0.21,-6.34,7.74,0,0,0,0
40961,0.21,-6.43,7.62,0,0,0,0
40989,0.19,-6.41,7.66,0,0,0,0
41018,0.19,-6.45,7.62,0,0,0,0
41046,0.22,-6.43,7.66,0,0,0,0
41074,0.17,-6.45,7.6,0,0,0,0
41103,0.26,-6.36,7.7,0,0,0,0
41132,0.24,-6.34,7.75,0,0,0,0
41160,0.19,-6.41,7.72,0,0,0,0
41189,0.24,-6.39,7.64,0,0,0,0
41218,0.24,-6.36,7.74,0,0,0,0
41246,0.21,-6.36,7.7,0,0,0,0
41275,0.24,-6.43,7.62,0,0,0,0
41304,0.28,-6.43,7.58,0,0,0,0
41332,0.21,-6.39,7.64,0,0,0,0
41360,0.24,-6.45,7.6,0,0,0,0
41389,0.3,-6.32,7.75,0,0,0,0
41417,0.28,-6.3,7.77,0,0,0,0
41446,0.19,-6.43,7.62,0,0,0,0
41475,0.22,-6.47,7.56,0,0,0,0
41503,0.22,-6.39,7.68,0,0,0,0
41532,0.21,-6.39,7.68,0,0,0,0
41561,0.22,-6.41,7.66,0,0,0,0
41589,0.21,-6.41,7.68,0,0,0,0
41618,0.17,-6.43,7.6,0,0,0,0
41647,0.26,-6.36,7.72,0,0,0,0
41675,0.21,-6.38,7.68,0,0,0,0
41704,0.21,-6.39,7.68,0,0,0,0
41733,0.24,-6.43,7.64,0,0,0,0
41761,0.22,-6.39,7.66,0,0,0,0
41790,0.24,-6.39,7.68,0,0,0,0
41818,0.22,-6.41,7.58,0,0,0,0
41846,0.19,-6.41,7.64,0,0,0,0
41875,0.21,-6.3,7.74,0,0,0,0
41904,0.21,-6.22,7.83,0,0,0,0
41932,0.24,-6.28,7.79,0,0,0,0
41961,0.21,-6.36,7.7,0,0,0,0
41990,0.24,-6.3,7.75,0,0,0,0
42018,0.26,-6.3,7.68,0,0,0,0
42047,0.24,-6.24,7.75,0,0,0,0
42076,0.21,-6.16,7.83,0,0,0,0
42104,0.26,-6.16,7.87,0,0,0,0
42133,0.24,-6.09,7.87,0,0,0,0
42162,0.22,-6.09,7.89,0,0,0,0
42190,0.19,-6.13,7.75,0,0,0,0
42219,0.24,-5.99,7.93,0,0,0,0
42248,0.22,-5.93,7.89,0,0,0,0
42276,0.22,-5.8,8.04,0,0,0,0
42305,0.19,-5.72,8.1,0,0,0,0
42334,0.19,-5.57,8.16,0,0,0,0
42362,0.26,-5.36,8.43,0,0,0,0
42391,0.22,-5.19,8.46,0,0,0,0
42420,0.22,-5.07,8.56,0,0,0,0
42447,0.21,-4.98,8.56,0,0,0,0
42476,0.21,-4.8,8.66,0,0,0,0
42506,0.19,-4.67,8.75,0,0,0,0
42534,0.17,-4.54,8.77,0,0,0,0
42562,0.19,-4.42,8.77,0,0,0,0
42592,0.17,-4.21,8.92,0,0,0,0
42619,0.19,-3.96,9.13,0,0,0,0
42648,0.19,-3.9,9,0,0,0,0
42677,0.17,-3.54,9.25,0,0,0,0
42705,0.19,-3.41,9.31,0,0,0,0
42734,0.15,-3.21,9.38,0,0,0,0
42763,0.11,-3.27,9.19,0,0,0,0
42791,0.17,-2.93,9.44,0,0,0,0
42820,0.17,-2.85,9.38,0,0,0,0
42849,0.13,-2.64,9.4,0,0,0,0
42877,0.17,-2.49,9.77,0,0,0,0
42906,0.15,-2.5,9.59,0,0,0,0
42935,0.09,-2.39,9.65,0,0,0,0
42963,0.15,-2.26,9.59,0,0,0,0
42992,0.13,-1.99,9.75,0,0,0,0
43021,0.11,-1.83,9.82,0,0,0,0
43049,0.13,-1.76,9.75,0,0,0,0
43078,0.11,-1.68,9.73,0,0,0,0
43107,0.13,-1.47,9.79,0,0,0,0
43136,0.11,-1.36,9.79,0,0,0,0
43164,0.11,-1.22,9.82,0,0,0,0
43192,0.09,-1.11,9.67,0,0,0,0
43220,0.09,-0.76,9.92,0,0,0,0
43249,0.11,-0.42,10.13,0,0,0,0
43278,0.11,-0.45,10.02,0,0,0,0
43307,0.09,-0.45,9.88,0,0,0,0
43334,0.09,-0.42,9.94,0,0,0,0
43363,0.17,-0.19,9.98,0,0,0,0
43393,0.19,-0.19,9.9,0,0,0,0
43420,0.17,-0.13,9.88,0,0,0,0
43449,0.19,-0.19,9.86,0,0,0,0
43478,0.22,-0.09,9.84,0,0,0,0
43506,0.13,-0.05,9.88,0,0,0,0
43535,0.15,-0.11,9.73,0,0,0,0
43564,0.07,-0.07,9.82,0,0,0,0
43592,0.09,-0.07,9.86,0,0,0,0
43621,0.01,-0.03,9.88,0,0,0,0
43650,0.09,-0.07,9.9,0,0,0,0
43678,0.15,-0.05,9.94,0,0,0,0
43707,-0.07,0,9.81,0,0,0,0
43736,0.15,0.01,9.94,0,0,0,0
43764,0.01,-0.03,9.92,0,0,0,0
43793,-0.01,-0.09,9.84,0,0,0,0
43821,-0.32,0.24,9.88,0,0,0,0
43849,0,-0.01,9.86,0,0,0,0
43878,0.01,-0.01,9.88,0,0,0,0
43906,0.03,-0.03,9.88,0,0,0,0
43934,-0.01,0,9.88,0,0,0,0
43963,0.03,-0.03,9.88,0,0,0,0
43992,0.03,-0.05,9.88,0,0,0,0
44020,0.01,0,9.88,0,0,0,0
44049,0.01,0,9.9,0,0,0,0
44078,0.03,-0.03,9.9,0,0,0,0
44106,0,0,9.9,0,0,0,0
44134,0,-0.01,9.92,0,0,0,0
44164,0.03,-0.03,9.86,0,0,0,0
44191,0.01,-0.01,9.88,0,0,0,0
44220,-0.03,0,9.86,0,0,0,0
44249,0.03,-0.01,9.88,0,0,0,0
44277,-0.32,0.26,9.88,0,0,0,0
44306,0.61,-0.17,9.9,0,0,0,0
44335,0.51,-0.15,9.88,0,0,0,0
44363,0.55,-0.11,9.86,0,0,0,0
44392,0.03,-0.01,9.9,0,0,0,0
44421,0,0,9.88,0,0,0,0
44448,0.07,0.05,9.82,0,0,0,0
44477,0.11,0,9.96,0,0,0,0
44505,-0.19,0.13,9.88,0,0,0,0
44533,-0.03,0.09,9.96,0,0,0,0
44562,-0.03,0.13,9.98,0,0,0,0
44591,0.01,0.24,9.84,0,0,0,0
44619,0,0.22,9.96,0,0,0,0
44648,-0.05,0.38,9.67,0,0,0,0
44677,0.01,0.24,9.94,0,0,0,0
44705,-0.01,0.15,10.02,0,0,0,0
44733,-0.03,-0.03,10.34,0,0,0,0
44762,0.05,0.24,10,0,0,0,0
44790,0,0.3,9.92,0,0,0,0
44820,-0.01,0.47,9.81,0,0,0,0
44848,-0.01,0.38,10.02,0,0,0,0
44877,-0.01,0.49,9.96,0,0,0,0
44906,-0.07,0.67,9.81,0,0,0,0
44934,0.05,0.84,9.79,0,0,0,0
44962,-0.13,0.88,9.9,0,0,0,0
44991,0.82,1.78,9,0,0,0,0
45020,0.09,1.2,9.92,0,0,0,0
45048,-0.03,1.28,9.86,0,0,0,0
45077,0.22,1.59,9.71,0,0,0,0
45106,0.03,1.64,9.77,0,0,0,0
45134,0.01,1.85,9.65,0,0,0,0
45163,0.01,1.93,9.67,0,0,0,0
45192,0,1.97,9.71,0,0,0,0
45220,0.03,2.06,9.77,0,0,0,0
45249,0.09,2.2,9.9,0,0,0,0
45278,-0.05,2.45,9.56,0,0,0,0
45305,0.03,2.62,9.36,0,0,0,0
45334,0,2.66,9.46,0,0,0,0
45363,0.15,2.72,9.5,0,0,0,0
45391,-0.11,2.91,9.5,0,0,0,0
45420,0.05,3,9.4,0,0,0,0
45449,0.01,3.14,9.31,0,0,0,0
45477,0.21,3.18,9.31,0,0,0,0
45505,0.01,3.29,9.44,0,0,0,0
45534,0.05,3.5,9.21,0,0,0,0
45562,-0.05,3.52,9.17,0,0,0,0
45591,0.19,3.77,8.87,0,0,0,0
45620,-0.05,3.88,9.17,0,0,0,0
45648,0.19,3.83,8.96,0,0,0,0
45676,0.47,4.34,8.81,0,0,0,0
45705,0.19,4.4,8.98,0,0,0,0
45733,-0.07,4.19,8.9,0,0,0,0
45762,0.15,4.34,8.92,0,0,0,0
45791,0,4.46,8.87,0,0,0,0
45819,0.09,4.56,8.71,0,0,0,0
45848,-0.13,4.59,8.67,0,0,0,0
45877,0,4.86,8.46,0,0,0,0
45905,-0.03,4.75,8.56,0,0,0,0
45934,-0.05,4.73,8.64,0,0,0,0
45963,0.21,4.84,8.83,0,0,0,0
45991,0.03,4.86,8.62,0,0,0,0
46020,0,4.92,8.6,0,0,0,0
46049,-0.03,4.98,8.46,0,0,0,0
46076,0.01,5.01,8.54,0,0,0,0
46105,-0.11,5,8.5,0,0,0,0
46134,-0.03,5.09,8.39,0,0,0,0
46162,0,5.05,8.48,0,0,0,0
46191,-0.05,5.01,8.54,0,0,0,0
46220,0.07,5.17,8.46,0,0,0,0
46248,-0.34,5.13,8.64,0,0,0,0
46277,-0.22,5.15,8.27,0,0,0,0
46306,0,5.4,8.25,0,0,0,0
46334,-0.09,5.28,8.29,0,0,0,0
46363,-0.05,5.28,8.31,0,0,0,0
46392,0.11,5.78,8.56,0,0,0,0
46419,0,5.42,8.2,0,0,0,0
46448,0.03,5.32,8.25,0,0,0,0
46477,0.32,5.34,8.33,0,0,0,0
46505,0.01,5.32,8.43,0,0,0,0
46534,-0.11,5.51,8.25,0,0,0,0
46563,-0.07,5.46,8.2,0,0,0,0
46592,-0.05,5.51,8.25,0,0,0,0
46620,0.07,5.72,8,0,0,0,0
46649,0.07,5.65,8.04,0,0,0,0
46678,0.05,5.65,8.04,0,0,0,0
46705,0.05,5.57,8.29,0,0,0,0
46734,0,5.57,8.2,0,0,0,0
46763,0.07,5.69,8.18,0,0,0,0
46791,0,5.72,8.08,0,0,0,0
46820,-0.01,5.78,7.93,0,0,0,0
46849,0.03,5.8,8.06,0,0,0,0
46877,-0.05,5.76,7.97,0,0,0,0
46906,-0.03,5.78,8.16,0,0,0,0
46935,-0.05,5.8,8,0,0,0,0
46962,0.11,5.7,8.14,0,0,0,0
46991,-0.03,5.84,8.06,0,0,0,0
47020,0.01,5.8,7.98,0,0,0,0
47049,-0.11,5.7,8.14,0,0,0,0
47078,0.38,6.11,7.75,0,0,0,0
47107,0,5.72,8.1,0,0,0,0
47135,0,5.8,8.02,0,0,0,0
47163,-0.01,5.84,7.93,0,0,0,0
47192,-0.03,5.67,8.27,0,0,0,0
47220,-0.05,5.69,8.14,0,0,0,0
47249,0.15,5.92,8.12,0,0,0,0
47278,-0.03,5.69,8.08,0,0,0,0
47306,0.21,6.09,8.1,0,0,0,0
47335,-0.05,5.74,8.04,0,0,0,0
47364,0.11,5.92,7.98,0,0,0,0
47392,-0.03,5.78,8.04,0,0,0,0
47421,-0.01,5.72,8.08,0,0,0,0
47450,-0.13,5.72,7.98,0,0,0,0
47478,-0.03,5.82,7.97,0,0,0,0
47507,-0.07,5.82,7.89,0,0,0,0
47536,-0.01,5.74,8.02,0,0,0,0
47564,-0.01,5.76,8,0,0,0,0
47593,-0.01,5.82,8.06,0,0,0,0
47622,-0.01,5.84,8,0,0,0,0
47650,-0.11,5.72,8,0,0,0,0
47679,0.07,5.92,8.16,0,0,0,0
47708,0,5.97,7.79,0,0,0,0
47736,-0.05,5.86,7.93,0,0,0,0
47764,-0.01,5.86,7.97,0,0,0,0
47793,-0.01,5.92,7.93,0,0,0,0
47822,0,5.84,7.98,0,0,0,0
47851,-0.03,5.9,7.91,0,0,0,0
47880,0,5.88,7.97,0,0,0,0
47908,0.01,5.92,7.97,0,0,0,0
47936,-0.09,5.9,7.83,0,0,0,0
47965,-0.03,5.92,7.91,0,0,0,0
47993,-0.03,5.92,7.89,0,0,0,0
48022,0.01,5.93,7.93,0,0,0,0
48052,-0.01,5.92,7.95,0,0,0,0
48079,0,5.92,7.93,0,0,0,0
48108,-0.05,5.9,7.93,0,0,0,0
48137,-0.09,5.88,7.85,0,0,0,0
48165,0.24,5.93,7.93,0,0,0,0
48194,-0.01,5.95,7.89,0,0,0,0
48223,-0.01,5.93,7.97,0,0,0,0
48251,-0.03,5.95,7.79,0,0,0,0
48280,-0.03,5.95,7.89,0,0,0,0
48309,0,5.93,7.93,0,0,0,0
48337,0.11,5.97,7.87,0,0,0,0
48366,-0.03,5.95,7.89,0,0,0,0
48394,0.17,5.92,7.87,0,0,0,0
48422,-0.05,5.92,7.93,0,0,0,0
48451,-0.05,5.93,7.85,0,0,0,0
48480,-0.07,5.99,7.85,0,0,0,0
48508,-0.05,5.9,7.93,0,0,0,0
48537,-0.13,5.92,7.95,0,0,0,0
48566,-0.07,5.86,7.97,0,0,0,0
48594,-0.13,5.95,7.77,0,0,0,0
48622,-0.05,5.97,7.85,0,0,0,0
48651,-0.01,5.9,7.89,0,0,0,0
48679,-0.03,5.95,7.95,0,0,0,0
48708,-0.01,5.93,7.87,0,0,0,0
48737,0,5.93,7.93,0,0,0,0
48765,-0.05,5.92,7.89,0,0,0,0
48794,-0.03,5.95,7.95,0,0,0,0
48822,-0.01,5.92,7.89,0,0,0,0
48851,0.07,5.88,7.85,0,0,0,0
48879,0.05,5.93,7.83,0,0,0,0
48908,-0.03,5.92,7.89,0,0,0,0
48936,-0.05,5.9,7.91,0,0,0,0
48965,-0.01,5.88,7.97,0,0,0,0
48993,-0.01,5.93,7.91,0,0,0,0
49021,-0.07,5.93,7.91,0,0,0,0
49050,-0.03,5.93,7.85,0,0,0,0
49079,0,5.92,7.95,0,0,0,0
49107,-0.03,5.95,7.87,0,0,0,0
49135,0.03,5.97,7.83,0,0,0,0
49164,0.09,5.95,7.89,0,0,0,0
49192,-0.03,5.92,7.97,0,0,0,0
49221,-0.01,5.93,7.91,0,0,0,0
49250,-0.03,5.92,7.95,0,0,0,0
49278,-0.03,5.9,7.93,0,0,0,0
49307,-0.07,5.88,7.89,0,0,0,0
49336,-0.07,5.9,7.85,0,0,0,0
49364,0,5.9,7.91,0,0,0,0
49392,-0.01,5.88,7.97,0,0,0,0
49421,0.03,5.9,8.02,0,0,0,0
49449,0.01,5.9,7.91,0,0,0,0
49478,-0.01,5.86,7.95,0,0,0,0
49507,-0.05,5.93,7.91,0,0,0,0
49536,0.01,5.93,7.89,0,0,0,0
49564,0,5.92,7.89,0,0,0,0
49593,-0.05,5.86,7.93,0,0,0,0
49622,-0.01,5.88,7.97,0,0,0,0
49650,0,5.9,7.95,0,0,0,0
49678,0,5.88,7.95,0,0,0,0
49707,-0.03,5.88,7.91,0,0,0,0
49735,-0.01,5.92,7.93,0,0,0,0
49764,0,5.88,7.98,0,0,0,0
49793,-0.03,5.92,7.85,0,0,0,0
49821,-0.03,5.88,7.93,0,0,0,0
49850,0.01,5.9,7.95,0,0,0,0
49879,0,5.9,7.89,0,0,0,0
49907,-0.01,5.9,7.93,0,0,0,0
49936,-0.05,5.84,7.89,0,0,0,0
49965,0.01,5.8,8,0,0,0,0
49992,0.01,5.78,7.95,0,0,0,0
50021,0.01,5.78,8.04,0,0,0,0
50050,-0.03,5.78,8,0,0,0,0
50078,0.01,5.74,8.02,0,0,0,0
50107,0,5.74,8.02,0,0,0,0
50136,0,5.7,8.06,0,0,0,0
50163,-0.01,5.67,8.08,0,0,0,0
50192,0,5.63,8.1,0,0,0,0
50221,-0.01,5.57,8.18,0,0,0,0
50249,0.01,5.57,8.2,0,0,0,0
50278,0.05,5.61,8.06,0,0,0,0
50307,0.11,5.57,8.14,0,0,0,0
50335,0,5.49,8.14,0,0,0,0
50364,0.11,5.46,8.12,0,0,0,0
50392,-0.03,5.34,8.35,0,0,0,0
50420,0.03,5.3,8.25,0,0,0,0
50450,0.03,5.34,8.37,0,0,0,0
50478,-0.05,5.09,8.66,0,0,0,0
50506,-0.15,4.9,8.71,0,0,0,0
50535,-0.05,4.75,8.69,0,0,0,0
50564,-0.01,4.77,8.66,0,0,0,0
50592,0.09,4.71,8.56,0,0,0,0
50621,-0.03,4.69,8.54,0,0,0,0
50650,0.05,4.79,8.75,0,0,0,0
50678,-0.07,4.33,8.77,0,0,0,0
50707,0.01,4.25,8.71,0,0,0,0
50736,0.13,4.17,8.92,0,0,0,0
50764,0.07,3.71,9.02,0,0,0,0
50793,0.19,1.93,9.46,0,0,0,0
50822,-0.19,3.44,9.38,0,0,0,0
50850,-0.13,3,9.38,0,0,0,0
50879,-0.01,2.66,9.56,0,0,0,0
50907,-0.15,2.47,9.46,0,0,0,0
50935,0.01,2.28,9.54,0,0,0,0
50964,0.03,1.87,9.44,0,0,0,0
50993,-0.09,1.26,8.85,0,0,0,0
51021,0.09,1.55,9.31,0,0,0,0
51050,0.05,0.84,9.98,0,0,0,0
51078,0.21,0.55,10.26,0,0,0,0
51106,0.05,-0.19,10.38,0,0,0,0
51136,-0.01,0.57,9.71,0,0,0,0
51164,0.07,0.09,9.96,0,0,0,0
51193,0.19,-0.01,9.81,0,0,0,0
51221,0.44,-0.07,9.79,0,0,0,0
51250,0.36,-0.05,9.88,0,0,0,0
51278,0.05,-0.26,10.05,0,0,0,0
51307,0.24,-0.15,9.96,0,0,0,0
51336,-0.09,0.03,9.82,0,0,0,0
51364,-0.28,-0.15,10.02,0,0,0,0
51393,-0.13,0.13,9.75,0,0,0,0
51422,0.19,-0.05,9.88,0,0,0,0
51450,0.05,-0.09,9.94,0,0,0,0
51479,-0.19,-0.13,9.94,0,0,0,0
51508,0.32,-0.11,9.88,0,0,0,0
51536,-0.09,-0.03,9.86,0,0,0,0
51564,-0.05,-0.03,9.84,0,0,0,0
51593,-0.03,-0.03,9.86,0,0,0,0
51621,-0.05,-0.03,9.88,0,0,0,0
51650,-0.03,-0.01,9.9,0,0,0,0
51679,-0.05,-0.01,9.88,0,0,0,0
51707,-0.05,-0.01,9.88,0,0,0,0
51736,-0.05,-0.01,9.88,0,0,0,0
51765,-0.05,-0.03,9.86,0,0,0,0
51792,-0.05,-0.05,9.9,0,0,0,0
51821,-0.01,-0.05,9.86,0,0,0,0
51850,-0.01,-0.01,9.9,0,0,0,0
51878,-0.05,-0.07,9.9,0,0,0,0
51907,-0.03,-0.03,9.84,0,0,0,0
51936,-0.03,-0.03,9.88,0,0,0,0
51964,-0.01,-0.03,9.86,0,0,0,0
51993,-0.01,-0.03,9.88,0,0,0,0
52022,-0.05,-0.05,9.86,0,0,0,0
52050,-0.01,-0.05,9.88,0,0,0,0
52079,-0.01,-0.01,9.86,0,0,0,0
52108,1.32,-0.82,10.67,0,0,0,0
52136,-0.03,-0.01,9.98,0,0,0,0
52165,-0.07,-0.01,9.86,0,0,0,0
52194,-0.11,-0.11,9.88,0,0,0,0
52222,-0.07,0,9.84,0,0,0,0
52251,-0.07,-0.01,9.88,0,0,0,0
52280,-0.01,-0.09,9.86,0,0,0,0
52308,-0.09,-0.01,9.84,0,0,0,0
52337,-0.09,-0.01,9.88,0,0,0,0
52366,0.36,0.13,9.88,0,0,0,0
52395,-0.36,-0.45,9.86,0,0,0,0
52423,-0.19,-0.11,9.9,0,0,0,0
52452,-0.11,-0.05,9.86,0,0,0,0
52480,0.01,-0.01,9.9,0,0,0,0
52508,0.05,-0.01,9.9,0,0,0,0
52537,-0.21,0.01,9.96,0,0,0,0
52566,-0.11,0.13,9.88,0,0,0,0
52594,0,0.09,9.9,0,0,0,0
52623,0.07,0.07,9.9,0,0,0,0
52652,0.13,0.05,9.94,0,0,0,0
52680,0.03,0.13,9.9,0,0,0,0
52709,0.07,0.03,10.03,0,0,0,0
52738,0.13,0.13,10,0,0,0,0
52766,0.24,0.11,10,0,0,0,0
52795,0.19,0.42,9.67,0,0,0,0
52824,0.22,0.36,10.03,0,0,0,0
52852,0.28,0.68,9.86,0,0,0,0
52880,0.36,0.84,9.75,0,0,0,0
52909,0.42,0.82,9.88,0,0,0,0
52938,0.57,0.88,9.81,0,0,0,0
52966,0.72,0.97,9.9,0,0,0,0
52995,0.88,1.07,9.73,0,0,0,0
53023,1.09,1.07,9.59,0,0,0,0
53052,1.22,1.05,9.73,0,0,0,0
53080,1.34,1.11,9.61,0,0,0,0
53108,1.36,1.32,9.73,0,0,0,0
53137,1.37,1.47,9.54,0,0,0,0
53166,1.39,1.55,9.65,0,0,0,0
53194,1.57,1.49,9.71,0,0,0,0
53223,1.51,1.8,9.59,0,0,0,0
53252,1.66,1.76,9.56,0,0,0,0
53280,1.8,1.85,9.36,0,0,0,0
53309,1.85,1.95,9.42,0,0,0,0
53337,1.87,2.05,9.4,0,0,0,0
53366,1.91,2.01,9.46,0,0,0,0
53395,2.03,1.95,9.44,0,0,0,0
53424,1.97,2.22,9.36,0,0,0,0
53452,2.12,2.05,9.4,0,0,0,0
53481,2.14,2.18,9.42,0,0,0,0
53510,2.22,2.33,9.29,0,0,0,0
53537,2.24,2.31,9.36,0,0,0,0
53566,2.35,2.45,9.15,0,0,0,0
53595,2.41,2.54,9.08,0,0,0,0
53624,2.5,2.45,9.15,0,0,0,0
53652,2.5,2.68,8.92,0,0,0,0
53681,2.6,2.52,9.23,0,0,0,0
53709,2.66,2.58,9.06,0,0,0,0
53738,2.75,2.54,9.06,0,0,0,0
53767,2.75,2.56,9.13,0,0,0,0
53795,2.83,2.62,8.92,0,0,0,0
53824,2.83,2.62,9.12,0,0,0,0
53853,2.93,2.58,8.98,0,0,0,0
53881,2.93,2.66,9.08,0,0,0,0
53910,3.02,2.6,9.02,0,0,0,0
53939,2.95,2.77,9,0,0,0,0
53967,2.91,2.96,8.9,0,0,0,0
53996,2.95,3.06,8.77,0,0,0,0
54025,3.06,2.85,8.98,0,0,0,0
54053,2.98,3.12,8.75,0,0,0,0
54082,3.1,2.98,8.92,0,0,0,0
54111,3.04,3.31,8.62,0,0,0,0
54139,3.06,3.21,8.83,0,0,0,0
54168,3.06,3.23,8.96,0,0,0,0
54197,3.04,3.39,8.69,0,0,0,0
54225,3.12,3.37,8.79,0,0,0,0
54254,3.14,3.41,8.66,0,0,0,0
54283,3.18,3.42,8.67,0,0,0,0
54311,3.25,3.37,8.62,0,0,0,0
54339,3.21,3.44,8.66,0,0,0,0
54368,3.39,3.31,8.71,0,0,0,0
54396,3.31,3.48,8.52,0,0,0,0
54426,3.48,3.29,8.6,0,0,0,0
54455,3.48,3.42,8.46,0,0,0,0
54483,3.52,3.37,8.54,0,0,0,0
54512,3.54,3.42,8.5,0,0,0,0
54540,3.54,3.41,8.5,0,0,0,0
54568,3.5,3.48,8.56,0,0,0,0
54598,3.6,3.42,8.56,0,0,0,0
54626,3.67,3.39,8.5,0,0,0,0
54654,3.67,3.44,8.44,0,0,0,0
54683,3.69,3.52,8.25,0,0,0,0
54712,3.73,3.44,8.48,0,0,0,0
54740,3.73,3.5,8.31,0,0,0,0
54769,3.75,3.52,8.37,0,0,0,0
54798,3.83,3.41,8.5,0,0,0,0
54828,3.87,3.52,8.31,0,0,0,0
54855,3.81,3.54,8.39,0,0,0,0
54884,3.87,3.56,8.35,0,0,0,0
54913,3.88,3.6,8.27,0,0,0,0
54941,3.88,3.6,8.29,0,0,0,0
54970,3.92,3.58,8.21,0,0,0,0
54999,3.9,3.54,8.31,0,0,0,0
55027,3.96,3.56,8.27,0,0,0,0
55056,3.96,3.52,8.39,0,0,0,0
55085,3.92,3.64,8.23,0,0,0,0
55113,3.96,3.6,8.31,0,0,0,0
55142,3.96,3.58,8.29,0,0,0,0
55171,3.98,3.58,8.29,0,0,0,0
55199,4.02,3.54,8.25,0,0,0,0
55228,3.96,3.56,8.29,0,0,0,0
55257,3.96,3.6,8.29,0,0,0,0
55285,3.94,3.64,8.25,0,0,0,0
55314,3.94,3.67,8.18,0,0,0,0
55343,3.94,3.62,8.33,0,0,0,0
55371,3.98,3.64,8.2,0,0,0,0
55400,3.96,3.67,8.25,0,0,0,0
55429,3.96,3.62,8.2,0,0,0,0
55457,4,3.62,8.27,0,0,0,0
55486,3.96,3.65,8.18,0,0,0,0
55515,3.98,3.6,8.21,0,0,0,0
55542,3.96,3.64,8.21,0,0,0,0
55571,3.92,3.73,8.16,0,0,0,0
55600,4,3.58,8.27,0,0,0,0
55628,3.96,3.67,8.25,0,0,0,0
55657,4.02,3.56,8.33,0,0,0,0
55686,3.98,3.69,8.2,0,0,0,0
55714,4.02,3.58,8.29,0,0,0,0
55743,3.98,3.69,8.18,0,0,0,0
55772,3.98,3.64,8.33,0,0,0,0
55800,3.98,3.69,8.16,0,0,0,0
55829,3.96,3.71,8.21,0,0,0,0
55858,3.98,3.62,8.29,0,0,0,0
55886,4.02,3.65,8.23,0,0,0,0
55915,3.96,3.73,8.21,0,0,0,0
55944,3.98,3.75,8.21,0,0,0,0
55972,4.04,3.69,8.16,0,0,0,0
56001,4.02,3.73,8.16,0,0,0,0
56030,3.96,3.73,8.27,0,0,0,0
56058,3.96,3.77,8.18,0,0,0,0
56086,3.98,3.71,8.23,0,0,0,0
56115,4,3.67,8.16,0,0,0,0
56143,3.98,3.64,8.29,0,0,0,0
56172,4,3.64,8.25,0,0,0,0
56201,3.94,3.73,8.23,0,0,0,0
56229,3.94,3.69,8.23,0,0,0,0
56258,4,3.67,8.21,0,0,0,0
56287,3.96,3.67,8.27,0,0,0,0
56315,3.94,3.71,8.2,0,0,0,0
56344,3.92,3.79,8.18,0,0,0,0
56373,3.96,3.75,8.16,0,0,0,0
56401,3.94,3.75,8.2,0,0,0,0
56430,4,3.69,8.18,0,0,0,0
56459,3.96,3.75,8.2,0,0,0,0
56486,3.96,3.71,8.25,0,0,0,0
56515,3.96,3.75,8.18,0,0,0,0
56544,3.96,3.71,8.2,0,0,0,0
56572,3.98,3.71,8.21,0,0,0,0
56601,4,3.67,8.21,0,0,0,0
56630,3.98,3.77,8.2,0,0,0,0
56658,4,3.69,8.27,0,0,0,0
56687,4,3.71,8.18,0,0,0,0
56716,3.98,3.69,8.21,0,0,0,0
56744,3.96,3.81,8.12,0,0,0,0
56772,3.98,3.77,8.21,0,0,0,0
56801,3.96,3.81,8.16,0,0,0,0
56829,4,3.79,8.12,0,0,0,0
56858,3.98,3.75,8.14,0,0,0,0
56887,4.02,3.71,8.18,0,0,0,0
56915,3.98,3.81,8.12,0,0,0,0
56944,4.06,3.69,8.18,0,0,0,0
56973,3.98,3.75,8.2,0,0,0,0
57001,4.04,3.73,8.16,0,0,0,0
57030,4,3.73,8.25,0,0,0,0
57059,4,3.77,8.16,0,0,0,0
57088,4.06,3.71,8.16,0,0,0,0
57116,4.06,3.65,8.23,0,0,0,0
57145,4.02,3.75,8.2,0,0,0,0
57174,4.04,3.69,8.18,0,0,0,0
57202,4.08,3.64,8.21,0,0,0,0
57231,4.02,3.69,8.23,0,0,0,0
57260,4.11,3.69,8.12,0,0,0,0
57288,4.11,3.65,8.14,0,0,0,0
57317,4.13,3.69,8.1,0,0,0,0
57346,4.04,3.73,8.2,0,0,0,0
57374,4.1,3.65,8.18,0,0,0,0
57403,4.06,3.71,8.21,0,0,0,0
57432,4.11,3.64,8.16,0,0,0,0
57460,4.11,3.62,8.2,0,0,0,0
57489,4.08,3.69,8.14,0,0,0,0
57518,4.08,3.67,8.2,0,0,0,0
57546,4.06,3.71,8.16,0,0,0,0
57575,4.1,3.65,8.23,0,0,0,0
57603,4.08,3.71,8.14,0,0,0,0
57631,4.06,3.69,8.18,0,0,0,0
57660,4.08,3.73,8.12,0,0,0,0
57689,4.06,3.71,8.2,0,0,0,0
57717,4.04,3.71,8.1,0,0,0,0
57746,4.06,3.69,8.21,0,0,0,0
57775,4.1,3.67,8.18,0,0,0,0
57803,4,3.75,8.16,0,0,0,0
57832,4.04,3.67,8.16,0,0,0,0
57861,4.04,3.65,8.14,0,0,0,0
57888,4,3.69,8.2,0,0,0,0
57917,3.96,3.64,8.29,0,0,0,0
57946,3.9,3.64,8.25,0,0,0,0
57974,3.88,3.65,8.33,0,0,0,0
58003,3.83,3.69,8.21,0,0,0,0
58032,3.88,3.52,8.27,0,0,0,0
58060,3.87,3.48,8.23,0,0,0,0
58089,3.73,3.5,8.39,0,0,0,0
58117,3.65,3.48,8.5,0,0,0,0
58146,3.64,3.37,8.64,0,0,0,0
58174,3.64,3.31,8.58,0,0,0,0
58203,3.37,3.48,8.43,0,0,0,0
58231,3.65,2.98,8.73,0,0,0,0
58260,3.48,3.21,8.52,0,0,0,0
58289,3.39,3.16,8.64,0,0,0,0
58317,3.48,2.89,8.85,0,0,0,0
58346,3.33,3.02,8.66,0,0,0,0
58375,3.37,2.79,8.77,0,0,0,0
58403,3.29,2.75,8.9,0,0,0,0
58432,3.1,2.83,8.89,0,0,0,0
58460,3,2.81,8.85,0,0,0,0
58488,2.85,2.81,9.02,0,0,0,0
58517,2.75,2.64,8.98,0,0,0,0
58546,2.43,2.89,9.02,0,0,0,0
58574,2.43,2.56,9.19,0,0,0,0
58603,2.35,2.43,9.02,0,0,0,0
58632,2.2,2.24,9.5,0,0,0,0
58660,2.14,2.18,9.33,0,0,0,0
58688,1.91,2.29,9.35,0,0,0,0
58718,1.97,1.89,9.44,0,0,0,0
58746,1.68,2.03,9.48,0,0,0,0
58774,1.72,1.85,9.48,0,0,0,0
58803,1.59,1.85,9.61,0,0,0,0
58831,1.53,1.6,9.69,0,0,0,0
58860,1.37,1.66,9.71,0,0,0,0
58889,1.28,1.76,9.61,0,0,0,0
58917,1.36,1.39,9.75,0,0,0,0
58946,1.24,1.57,9.52,0,0,0,0
58975,1.14,1.45,9.81,0,0,0,0
59003,1.14,1.37,9.63,0,0,0,0
59031,1.05,1.32,9.71,0,0,0,0
59060,1.07,1.11,9.84,0,0,0,0
59088,0.84,1.41,9.48,0,0,0,0
59117,0.74,1.18,9.77,0,0,0,0
59146,0.7,1.22,9.63,0,0,0,0
59174,0.63,0.9,9.77,0,0,0,0
59203,0.47,0.82,9.86,0,0,0,0
59232,0.63,0.4,10,0,0,0,0
59260,0.55,0.38,9.92,0,0,0,0
59289,0.3,0.59,9.79,0,0,0,0
59318,0.26,0.42,9.9,0,0,0,0
59345,0.11,0.26,10.28,0,0,0,0
59374,0.24,0.45,9.73,0,0,0,0
59404,0.34,0.22,9.81,0,0,0,0
59431,0.38,0.01,10.03,0,0,0,0
59460,0.26,0.44,9.61,0,0,0,0
59489,0.44,0.07,9.59,0,0,0,0
59517,0.15,0.22,9.9,0,0,0,0
59546,0.22,-0.21,10.15,0,0,0,0
59575,0.17,0.11,9.86,0,0,0,0
59603,0.15,0.11,9.86,0,0,0,0
59632,0.22,0.15,9.81,0,0,0,0
59661,0.03,0.05,9.9,0,0,0,0
59689,0.05,-0.07,9.9,0,0,0,0
59718,0.13,0.01,9.84,0,0,0,0
59747,-0.01,-0.09,9.94,0,0,0,0
59776,0.03,-0.05,9.88,0,0,0,0
59804,0.05,-0.05,9.86,0,0,0,0
59833,-0.03,-0.11,9.9,0,0,0,0
59862,-0.01,-0.05,9.88,0,0,0,0
59889,-0.07,-0.03,9.84,0,0,0,0
59918,-0.05,-0.01,9.84,0,0,0,0
59947,-0.05,-0.01,9.88,0,0,0,0
59975,-0.09,-0.01,9.86,0,0,0,0
60004,-0.07,-0.01,9.88,0,0,0,0
60033,-0.05,-0.05,9.86,0,0,0,0
60061,-0.09,-0.01,9.82,0,0,0,0
60090,-0.05,0.01,9.88,0,0,0,0
60119,-0.01,-0.03,9.88,0,0,0,0
60147,-0.07,-0.03,9.9,0,0,0,0
60176,-0.03,-0.03,9.86,0,0,0,0
60204,-0.07,0.03,9.88,0,0,0,0
60232,-0.07,-0.01,9.84,0,0,0,0
60261,-0.15,0.07,9.82,0,0,0,0
60290,-0.11,0.03,9.86,0,0,0,0
60318,-0.17,0.03,9.84,0,0,0,0
60347,-0.05,0.03,9.9,0,0,0,0
60375,0.03,-0.03,9.88,0,0,0,0
60403,0.07,0.03,9.84,0,0,0,0
60432,-0.21,0.22,9.75,0,0,0,0
60461,-0.15,0.05,9.86,0,0,0,0
60489,-0.05,0,9.9,0,0,0,0
60518,-0.09,-0.01,9.88,0,0,0,0
60547,-0.13,-0.05,9.84,0,0,0,0
60575,-0.03,0.03,9.86,0,0,0,0
60603,-0.17,0.05,9.88,0,0,0,0
60632,-0.13,0.05,9.81,0,0,0,0
60660,0.13,-0.09,9.88,0,0,0,0
60689,0.05,-0.03,9.88,0,0,0,0
60718,-0.01,-0.03,9.86,0,0,0,0
60746,0.21,-0.05,9.9,0,0,0,0
60774,0.15,-0.03,9.86,0,0,0,0
60803,-0.01,-0.03,9.88,0,0,0,0
60831,0.01,-0.01,9.88,0,0,0,0
60860,-0.01,-0.01,9.86,0,0,0,0
60889,-0.03,-0.03,9.88,0,0,0,0
60917,-0.01,-0.05,9.88,0,0,0,0
60946,-0.03,-0.07,9.88,0,0,0,0
60974,0,-0.03,9.9,0,0,0,0
61002,-0.01,-0.01,9.88,0,0,0,0
61031,0,-0.05,9.86,0,0,0,0
61060,-0.01,-0.03,9.88,0,0,0,0
61088,0,-0.01,9.88,0,0,0,0
61116,-0.01,-0.03,9.9,0,0,0,0
61145,-0.01,-0.03,9.88,0,0,0,0
61173,0,-0.05,9.86,0,0,0,0
61202,-0.01,-0.03,9.88,0,0,0,0
61231,-0.01,-0.03,9.88,0,0,0,0
61259,0,-0.03,9.88,0,0,0,0
61287,0.01,-0.05,9.88,0,0,0,0
61316,-0.01,-0.03,9.88,0,0,0,0
61344,0,-0.01,9.86,0,0,0,0
61373,0.03,-0.03,9.9,0,0,0,0
61402,0.01,-0.03,9.88,0,0,0,0
61430,-0.03,-0.05,9.88,0,0,0,0
61459,-0.01,-0.07,9.9,0,0,0,0
61488,0,-0.01,9.9,0,0,0,0
61515,0.01,-0.03,9.88,0,0,0,0
61545,0.03,-0.05,9.88,0,0,0,0
61573,0,-0.03,9.82,0,0,0,0
61601,0,-0.03,9.88,0,0,0,0
61630,0,-0.05,9.86,0,0,0,0
61659,-0.03,-0.05,9.86,0,0,0,0
61687,-0.03,-0.03,9.86,0,0,0,0
61716,0.01,-0.07,9.86,0,0,0,0
61744,0,-0.07,9.86,0,0,0,0
61773,0,-0.03,9.88,0,0,0,0
61801,0,-0.07,9.9,0,0,0,0
61830,0.03,-0.07,9.9,0,0,0,0
61857,-0.01,-0.03,9.86,0,0,0,0
61886,0,-0.05,9.9,0,0,0,0
61915,0,-0.05,9.86,0,0,0,0
61943,0,-0.03,9.86,0,0,0,0
61972,0,-0.03,9.84,0,0,0,0
62001,0.03,-0.07,9.88,0,0,0,0
62028,0.03,-0.03,9.86,0,0,0,0
62057,0,-0.03,9.9,0,0,0,0
62086,0.05,-0.05,9.88,0,0,0,0
62114,0.01,-0.01,9.88,0,0,0,0
62143,0.03,-0.05,9.88,0,0,0,0
62172,0.01,-0.07,9.88,0,0,0,0
62200,0.01,-0.07,9.9,0,0,0,0
62229,0,-0.05,9.86,0,0,0,0
62257,0.01,-0.09,9.88,0,0,0,0
62286,-0.01,-0.03,9.9,0,0,0,0
62315,0,-0.07,9.9,0,0,0,0
62343,0.01,-0.03,9.88,0,0,0,0
62371,0.01,-0.05,9.86,0,0,0,0
62400,0.01,-0.07,9.88,0,0,0,0
62430,0.01,-0.05,9.88,0,0,0,0
62457,0,-0.05,9.88,0,0,0,0
62486,0.03,-0.05,9.92,0,0,0,0
62515,0.01,-0.05,9.88,0,0,0,0
62543,0.01,-0.05,9.9,0,0,0,0
62572,0.03,-0.07,9.84,0,0,0,0
62600,0.03,-0.03,9.9,0,0,0,0
62628,-0.01,-0.05,9.9,0,0,0,0
62658,0.03,-0.05,9.86,0,0,0,0
62687,0.03,-0.03,9.88,0,0,0,0
62715,0,-0.05,9.84,0,0,0,0
62743,-0.01,-0.07,9.88,0,0,0,0
62772,0.01,-0.05,9.88,0,0,0,0
62800,0,-0.05,9.84,0,0,0,0
62829,0.01,-0.03,9.9,0,0,0,0
62858,0.01,-0.05,9.86,0,0,0,0
62886,0,-0.07,9.92,0,0,0,0
62915,0,-0.05,9.9,0,0,0,0
62944,0.01,-0.03,9.88,0,0,0,0
62972,0.01,-0.03,9.9,0,0,0,0
63001,0.01,-0.05,9.88,0,0,0,0
63030,0,-0.05,9.86,0,0,0,0
63057,0.03,-0.05,9.86,0,0,0,0
63086,0.01,-0.03,9.9,0,0,0,0
63115,0,-0.07,9.86,0,0,0,0
63143,0.03,-0.07,9.84,0,0,0,0
63172,0.03,-0.05,9.88,0,0,0,0
63201,-0.01,-0.05,9.86,0,0,0,0
63229,0.01,-0.07,9.88,0,0,0,0
63257,0.01,-0.05,9.9,0,0,0,0
63286,0.03,-0.03,9.9,0,0,0,0
63314,0,-0.05,9.9,0,0,0,0
63343,0.01,-0.05,9.86,0,0,0,0
63372,0.01,-0.07,9.86,0,0,0,0
63400,0.01,-0.05,9.86,0,0,0,0
63429,0.03,-0.03,9.88,0,0,0,0
63457,0.01,-0.09,9.88,0,0,0,0
63486,0,-0.07,9.88,0,0,0,0
63515,0,-0.07,9.88,0,0,0,0
63544,0.01,-0.07,9.88,0,0,0,0
63571,0.03,-0.03,9.88,0,0,0,0
63600,0.03,-0.05,9.86,0,0,0,0
63629,0.01,-0.07,9.9,0,0,0,0
63657,0.01,-0.05,9.88,0,0,0,0
63686,0.01,-0.05,9.88,0,0,0,0
63714,0,-0.05,9.88,0,0,0,0
63742,0.03,-0.05,9.84,0,0,0,0
63771,0.01,-0.05,9.88,0,0,0,0
63800,0.01,-0.05,9.88,0,0,0,0
63828,0.01,-0.05,9.86,0,0,0,0
63857,0.01,-0.05,9.88,0,0,0,0
63886,0.03,-0.07,9.86,0,0,0,0
63913,0.03,-0.03,9.88,0,0,0,0
63942,0.01,-0.05,9.92,0,0,0,0
63971,0,-0.03,9.9,0,0,0,0
64000,0.01,-0.05,9.88,0,0,0,0
64028,0.01,-0.07,9.86,0,0,0,0
64057,0.01,-0.07,9.86,0,0,0,0
64086,0,-0.05,9.86,0,0,0,0
64114,0.01,-0.05,9.9,0,0,0,0
64143,0.07,-0.05,9.88,0,0,0,0
64172,0.01,-0.05,9.9,0,0,0,0
64199,0,-0.05,9.88,0,0,0,0
64228,0.01,-0.05,9.9,0,0,0,0
64257,0.01,-0.03,9.88,0,0,0,0
64285,0.03,-0.03,9.88,0,0,0,0
64313,0,-0.05,9.88,0,0,0,0
64342,0.01,-0.07,9.88,0,0,0,0
64371,0.01,-0.05,9.9,0,0,0,0
64399,0,-0.07,9.88,0,0,0,0
64428,0.03,-0.05,9.88,0,0,0,0
64456,0,-0.05,9.86,0,0,0,0
64484,0.03,-0.07,9.88,0,0,0,0
64513,0.03,-0.05,9.88,0,0,0,0
64541,-0.01,-0.05,9.88,0,0,0,0
64571,0.01,-0.07,9.88,0,0,0,0
64599,0.03,-0.07,9.86,0,0,0,0
64627,0.01,-0.05,9.88,0,0,0,0
64656,0.03,-0.05,9.88,0,0,0,0
64685,0,-0.07,9.9,0,0,0,0
64713,0.03,-0.05,9.86,0,0,0,0
64742,0.01,-0.05,9.86,0,0,0,0
64771,-0.01,-0.03,9.86,0,0,0,0
64799,0.03,-0.05,9.9,0,0,0,0
64828,0,-0.07,9.86,0,0,0,0
64857,-0.01,-0.07,9.92,0,0,0,0
64885,0,-0.05,9.84,0,0,0,0
64914,0.01,-0.03,9.86,0,0,0,0
64943,0.01,-0.05,9.88,0,0,0,0
64971,0.03,-0.09,9.86,0,0,0,0
64999,0,-0.05,9.9,0,0,0,0
65028,0.03,-0.03,9.86,0,0,0,0
65057,0.05,-0.05,9.86,0,0,0,0
65086,0,-0.09,9.86,0,0,0,0
65114,0,-0.05,9.9,0,0,0,0
65142,0.05,-0.05,9.88,0,0,0,0
65171,0.03,-0.05,9.86,0,0,0,0
65200,-0.01,-0.03,9.86,0,0,0,0
65228,0.01,-0.07,9.88,0,0,0,0
65257,0.03,-0.03,9.9,0,0,0,0
65286,0.01,-0.03,9.86,0,0,0,0
65314,0.01,-0.07,9.86,0,0,0,0
65343,0.01,-0.07,9.88,0,0,0,0
65372,0.03,-0.05,9.9,0,0,0,0
65400,0.01,-0.03,9.86,0,0,0,0
65429,-0.01,-0.07,9.9,0,0,0,0
65457,0.01,-0.07,9.9,0,0,0,0
65485,0.03,-0.05,9.9,0,0,0,0
65515,0.03,-0.05,9.9,0,0,0,0
65543,0.01,-0.07,9.86,0,0,0,0
65571,0.01,-0.05,9.88,0,0,0,0
65600,0.03,-0.03,9.88,0,0,0,0
65629,0.01,-0.03,9.86,0,0,0,0
65657,0.01,-0.05,9.86,0,0,0,0
65687,0.05,-0.03,9.88,0,0,0,0
65715,0.01,-0.07,9.86,0,0,0,0
65743,0,-0.07,9.9,0,0,0,0
65772,0.05,-0.05,9.88,0,0,0,0
65801,0.01,-0.05,9.88,0,0,0,0
65829,0.01,-0.03,9.88,0,0,0,0
65858,-0.01,-0.05,9.88,0,0,0,0
65887,0,-0.07,9.84,0,0,0,0
65915,0.01,-0.05,9.86,0,0,0,0
65944,0.01,-0.03,9.9,0,0,0,0
65973,0,-0.05,9.86,0,0,0,0
66001,0.01,-0.07,9.9,0,0,0,0
66030,-0.01,-0.05,9.88,0,0,0,0
66058,-0.01,-0.05,9.88,0,0,0,0
66086,0.01,-0.05,9.86,0,0,0,0
66115,0.05,-0.03,9.9,0,0,0,0
66144,0.01,-0.05,9.9,0,0,0,0
66172,0.01,-0.07,9.88,0,0,0,0
66201,0.03,-0.05,9.88,0,0,0,0
66230,0.01,-0.07,9.88,0,0,0,0
66258,-0.01,-0.05,9.84,0,0,0,0
66287,0.01,-0.07,9.88,0,0,0,0
66316,0.01,-0.07,9.9,0,0,0,0
66344,0,-0.07,9.88,0,0,0,0
66373,0.03,-0.05,9.88,0,0,0,0
66402,-0.01,-0.05,9.88,0,0,0,0
66430,0.03,-0.05,9.88,0,0,0,0
66459,0.01,-0.07,9.88,0,0,0,0
66487,0.01,-0.07,9.88,0,0,0,0
66515,0.05,-0.03,9.88,0,0,0,0
66544,0.05,-0.07,9.9,0,0,0,0
66573,0,-0.07,9.9,0,0,0,0
66601,0.03,-0.09,9.88,0,0,0,0
66629,0.01,-0.07,9.9,0,0,0,0
66658,0,-0.05,9.84,0,0,0,0
66688,0,-0.05,9.9,0,0,0,0
66715,-0.01,-0.07,9.88,0,0,0,0
66744,0.03,-0.07,9.88,0,0,0,0
66772,0.03,-0.07,9.88,0,0,0,0
66801,0.05,-0.05,9.84,0,0,0,0
66830,-0.01,-0.05,9.88,0,0,0,0
66857,0.01,-0.07,9.88,0,0,0,0
66886,0.03,-0.05,9.88,0,0,0,0
66915,0,-0.07,9.88,0,0,0,0
66944,0.01,-0.05,9.92,0,0,0,0
66972,0.01,-0.07,9.9,0,0,0,0
67001,0.01,-0.05,9.92,0,0,0,0
67030,0,-0.05,9.92,0,0,0,0
